Time,Ch1_X,Ch1_Y,Ch1_Z,Ch2_X,Ch2_Y,Ch2_Z
0,36.0,-14.0,-45.0,-49.0,6.0,10.0
40,30.0,91.0,30.0,-57.0,-3.0,56.0
80,45.0,38.0,-39.0,-59.0,-18.0,40.0
120,40.0,-84.0,-27.0,-55.0,0.0,12.0
160,-12.0,127.0,64.0,-61.0,-8.0,54.0
200,-1.0,-46.0,-88.0,-60.0,4.0,9.0
240,-18.0,11.0,-16.0,-58.0,22.0,34.0
280,-23.0,76.0,31.0,-68.0,-3.0,25.0
320,-5.0,-75.0,-102.0,-64.0,-7.0,-7.0
360,-31.0,34.0,-29.0,-58.0,-9.0,24.0
400,-34.0,53.0,-22.0,-60.0,-20.0,11.0
440,-20.0,-104.0,-109.0,-53.0,6.0,-35.0
480,-64.0,72.0,1.0,-51.0,7.0,19.0
520,-65.0,-13.0,-107.0,-46.0,-2.0,-13.0
560,-54.0,-100.0,-91.0,-39.0,7.0,-23.0
600,-84.0,73.0,31.0,-48.0,-18.0,11.0
640,-73.0,-91.0,-117.0,-40.0,-18.0,-36.0
680,-91.0,-45.0,-42.0,-34.0,-3.0,-24.0
720,-110.0,47.0,13.0,-40.0,-15.0,-5.0
760,-77.0,-87.0,-117.0,-35.0,-2.0,-48.0
800,-84.0,-6.0,-4.0,-43.0,-12.0,3.0
840,-90.0,51.0,-4.0,-46.0,-39.0,-18.0
880,-74.0,-155.0,-101.0,-36.0,-25.0,-41.0
920,-113.0,88.0,51.0,-39.0,-20.0,-2.0
960,-90.0,-60.0,-64.0,-41.0,-16.0,-38.0
1000,-78.0,-74.0,-53.0,-36.0,2.0,-38.0
1040,-89.0,57.0,37.0,-40.0,-29.0,-5.0
1080,-53.0,-67.0,-77.0,-38.0,-43.0,-47.0
1120,-47.0,-50.0,-42.0,-35.0,-32.0,-30.0
1160,-52.0,44.0,39.0,-39.0,-43.0,-20.0
1200,-31.0,-104.0,-108.0,-23.0,-24.0,-51.0
1240,-42.0,-23.0,-8.0,-25.0,-21.0,-17.0
1280,-44.0,72.0,-29.0,-28.0,-42.0,-30.0
1320,4.0,-176.0,-131.0,-20.0,-30.0,-54.0
1360,-26.0,105.0,22.0,-21.0,-45.0,-4.0
1400,2.0,-78.0,-95.0,-20.0,-51.0,-42.0
1440,7.0,-40.0,-90.0,-13.0,-28.0,-32.0
1480,11.0,22.0,0.0,-20.0,-38.0,0.0
1520,23.0,-23.0,-110.0,-19.0,-30.0,-38.0
1560,36.0,-59.0,-82.0,-21.0,-22.0,-12.0
1600,17.0,95.0,1.0,-27.0,-47.0,8.0
1640,53.0,-96.0,-133.0,-23.0,-38.0,-33.0
1680,31.0,-4.0,-9.0,-26.0,-30.0,8.0
1720,19.0,78.0,-1.0,-35.0,-34.0,0.0
1760,42.0,-129.0,-112.0,-26.0,-13.0,-27.0
1800,19.0,121.0,56.0,-34.0,-25.0,29.0
1840,42.0,-30.0,-44.0,-34.0,-42.0,-9.0
1880,48.0,-43.0,-38.0,-33.0,-30.0,-5.0
1920,13.0,67.0,63.0,-38.0,-39.0,23.0
1960,6.0,-19.0,-54.0,-32.0,-22.0,-9.0
2000,-2.0,-53.0,-9.0,-33.0,0.0,6.0
2040,-24.0,116.0,76.0,-45.0,-20.0,24.0
2080,2.0,-129.0,-91.0,-40.0,-14.0,-22.0
2120,-20.0,63.0,66.0,-43.0,-18.0,14.0
2160,-33.0,10.0,13.0,-45.0,-31.0,1.0
2200,-21.0,-71.0,-50.0,-42.0,-3.0,-24.0
2240,-50.0,37.0,72.0,-46.0,-1.0,15.0
2280,-50.0,19.0,-3.0,-52.0,-8.0,-10.0
2320,-48.0,-86.0,-60.0,-45.0,6.0,-29.0
2360,-65.0,104.0,105.0,-53.0,-12.0,18.0
2400,-61.0,-67.0,-49.0,-51.0,-10.0,-38.0
2440,-67.0,-43.0,36.0,-47.0,4.0,-13.0
2480,-105.0,86.0,81.0,-55.0,-10.0,0.0
2520,-71.0,-108.0,-44.0,-49.0,3.0,-36.0
2560,-98.0,33.0,79.0,-47.0,3.0,-2.0
2600,-101.0,36.0,58.0,-54.0,-17.0,-11.0
2640,-85.0,-101.0,-39.0,-44.0,-8.0,-32.0
2680,-111.0,46.0,114.0,-46.0,-15.0,9.0
2720,-119.0,-21.0,27.0,-46.0,-19.0,-29.0
2760,-107.0,-88.0,0.0,-40.0,5.0,-27.0
2800,-128.0,67.0,113.0,-41.0,-8.0,5.0
2840,-116.0,-76.0,-32.0,-38.0,-16.0,-33.0
2880,-103.0,-36.0,54.0,-33.0,-9.0,-23.0
2920,-125.0,46.0,71.0,-36.0,-31.0,-2.0
2960,-94.0,-97.0,-40.0,-24.0,-16.0,-49.0
3000,-104.0,-12.0,68.0,-25.0,-3.0,-16.0
3040,-98.0,52.0,35.0,-29.0,-18.0,-15.0
3080,-64.0,-112.0,-84.0,-22.0,-11.0,-47.0
3120,-71.0,15.0,56.0,-26.0,-20.0,-8.0
3160,-68.0,-49.0,-66.0,-26.0,-32.0,-30.0
3200,-69.0,-91.0,-41.0,-19.0,-8.0,-58.0
3240,-37.0,122.0,174.0,-23.0,-17.0,-5.0
3280,-40.0,-114.0,-230.0,-12.0,-18.0,-48.0
3320,3.0,-31.0,41.0,-10.0,-8.0,-26.0
3360,-14.0,53.0,116.0,-9.0,-37.0,19.0
3400,31.0,-116.0,-179.0,-7.0,-29.0,-38.0
3440,14.0,94.0,55.0,-17.0,-14.0,-9.0
3480,35.0,-15.0,3.0,-11.0,-18.0,8.0
3520,62.0,-163.0,-137.0,2.0,4.0,-28.0
3560,22.0,93.0,48.0,-10.0,-5.0,5.0
3600,39.0,-68.0,-61.0,-15.0,-22.0,-45.0
3640,64.0,-30.0,-62.0,-15.0,-7.0,13.0
3680,46.0,32.0,-38.0,-8.0,-18.0,-10.0
3720,74.0,-98.0,-45.0,-8.0,-13.0,-48.0
3760,77.0,21.0,-86.0,4.0,12.0,14.0
3800,66.0,17.0,-97.0,4.0,2.0,-5.0
3840,76.0,-24.0,-36.0,-9.0,10.0,-37.0
3880,61.0,-78.0,-101.0,-5.0,11.0,-8.0
3920,52.0,83.0,-30.0,0.0,-5.0,-12.0
3960,76.0,-67.0,-153.0,1.0,16.0,-29.0
4000,87.0,-4.0,7.0,-4.0,18.0,4.0
4040,57.0,85.0,-28.0,-6.0,7.0,-8.0
4080,72.0,-139.0,-120.0,3.0,25.0,-30.0
4120,30.0,176.0,7.0,-8.0,20.0,51.0
4160,73.0,-61.0,-110.0,-11.0,29.0,-32.0
4200,73.0,-12.0,-17.0,-9.0,45.0,14.0
4240,41.0,63.0,2.0,-18.0,19.0,42.0
4280,48.0,-52.0,-114.0,-21.0,28.0,-24.0
4320,47.0,13.0,18.0,-29.0,41.0,21.0
4360,50.0,32.0,-22.0,-32.0,27.0,31.0
4400,55.0,-89.0,-103.0,-31.0,46.0,-32.0
4440,21.0,48.0,50.0,-33.0,35.0,29.0
4480,24.0,-15.0,-71.0,-33.0,20.0,12.0
4520,25.0,-96.0,-68.0,-30.0,44.0,-18.0
4560,-8.0,107.0,66.0,-40.0,40.0,8.0
4600,32.0,-102.0,-107.0,-28.0,39.0,-9.0
4640,2.0,-28.0,1.0,-26.0,51.0,-7.0
4680,-17.0,65.0,94.0,-44.0,35.0,-6.0
4720,2.0,-98.0,-110.0,-35.0,40.0,-30.0
4760,-12.0,31.0,30.0,-28.0,44.0,12.0
4800,-22.0,12.0,55.0,-33.0,24.0,-16.0
4840,-7.0,-77.0,-50.0,-28.0,36.0,-24.0
4880,-47.0,29.0,54.0,-33.0,32.0,2.0
4920,-44.0,58.0,13.0,-36.0,27.0,-19.0
4960,-19.0,-158.0,-58.0,-32.0,37.0,-10.0
5000,-45.0,189.0,118.0,-38.0,16.0,2.0
5040,-1.0,-155.0,-87.0,-40.0,8.0,-31.0
5080,-15.0,23.0,29.0,-35.0,21.0,-2.0
5120,-21.0,10.0,40.0,-37.0,6.0,-22.0
5160,-7.0,-61.0,-59.0,-34.0,18.0,-45.0
5200,4.0,-17.0,4.0,-25.0,17.0,-10.0
5240,10.0,38.0,11.0,-29.0,-8.0,-19.0
5280,48.0,-129.0,-43.0,-24.0,3.0,-61.0
5320,16.0,32.0,65.0,-26.0,-6.0,-3.0
5360,49.0,30.0,-41.0,-15.0,-8.0,-44.0
5400,91.0,-137.0,-63.0,-12.0,14.0,-40.0
5440,88.0,107.0,98.0,-18.0,0.0,-2.0
5480,107.0,-97.0,-117.0,-11.0,-3.0,-51.0
5520,105.0,8.0,-35.0,-10.0,10.0,-30.0
5560,100.0,14.0,18.0,-9.0,-11.0,7.0
5600,127.0,-43.0,-95.0,-6.0,2.0,-51.0
5640,136.0,-46.0,-31.0,-14.0,5.0,-6.0
5680,128.0,97.0,2.0,-13.0,-14.0,3.0
5720,156.0,-176.0,-129.0,-10.0,5.0,-44.0
5760,121.0,118.0,49.0,-15.0,-2.0,13.0
5800,151.0,-52.0,-99.0,-15.0,-10.0,-11.0
5840,157.0,-52.0,-73.0,-9.0,8.0,-31.0
5880,137.0,59.0,44.0,-10.0,-8.0,9.0
5920,143.0,-69.0,-95.0,-9.0,-4.0,-20.0
5960,131.0,-29.0,-44.0,-6.0,16.0,-22.0
6000,113.0,43.0,42.0,-15.0,2.0,8.0
6040,132.0,-66.0,-86.0,-8.0,9.0,-40.0
6080,126.0,-27.0,10.0,-6.0,11.0,2.0
6120,104.0,74.0,32.0,-14.0,0.0,-14.0
6160,130.0,-129.0,-82.0,-7.0,24.0,-38.0
6200,86.0,66.0,63.0,-11.0,24.0,14.0
6240,78.0,0.0,-17.0,-14.0,21.0,-27.0
6280,75.0,-90.0,-59.0,-11.0,32.0,-27.0
6320,52.0,97.0,78.0,-19.0,20.0,8.0
6360,70.0,-75.0,-77.0,-19.0,21.0,-38.0
6400,57.0,-60.0,29.0,-19.0,32.0,-9.0
6440,31.0,75.0,89.0,-26.0,12.0,-11.0
6480,28.0,-112.0,-100.0,-21.0,26.0,-36.0
6520,18.0,7.0,82.0,-16.0,33.0,-15.0
6560,-10.0,48.0,63.0,-21.0,20.0,-5.0
6600,20.0,-125.0,-52.0,-13.0,35.0,-40.0
6640,-28.0,72.0,86.0,-14.0,19.0,8.0
6680,-17.0,-40.0,22.0,-13.0,8.0,-26.0
6720,-22.0,-63.0,13.0,-9.0,22.0,-26.0
6760,-43.0,33.0,125.0,-9.0,13.0,-4.0
6800,-51.0,-40.0,-18.0,-7.0,15.0,-32.0
6840,-35.0,-66.0,38.0,-8.0,24.0,-27.0
6880,-62.0,66.0,114.0,-9.0,5.0,10.0
6920,-44.0,-98.0,-53.0,-1.0,8.0,-43.0
6960,-54.0,-19.0,55.0,-2.0,12.0,-13.0
7000,-69.0,57.0,75.0,-6.0,-5.0,-4.0
7040,-33.0,-124.0,-62.0,1.0,11.0,-42.0
7080,-48.0,79.0,84.0,1.0,0.0,3.0
7120,-20.0,-46.0,0.0,-1.0,-18.0,-19.0
7160,-8.0,-64.0,-18.0,4.0,0.0,-30.0
7200,-27.0,50.0,75.0,2.0,-7.0,12.0
7240,-8.0,-20.0,-52.0,2.0,-10.0,-27.0
7280,3.0,-140.0,-25.0,11.0,7.0,-20.0
7320,-19.0,158.0,88.0,5.0,-12.0,16.0
7360,38.0,-191.0,-72.0,10.0,-11.0,-44.0
7400,29.0,153.0,89.0,14.0,-10.0,15.0
7440,8.0,-113.0,-69.0,12.0,-25.0,-5.0
7480,54.0,37.0,79.0,19.0,-3.0,-18.0
7520,27.0,-61.0,-22.0,19.0,-2.0,24.0
7560,54.0,88.0,36.0,7.0,-12.0,8.0
7600,82.0,-80.0,-26.0,15.0,-3.0,-10.0
7640,71.0,33.0,68.0,11.0,-16.0,37.0
7680,79.0,-7.0,-26.0,17.0,-13.0,-7.0
7720,55.0,-76.0,-34.0,17.0,12.0,-6.0
7760,57.0,118.0,101.0,7.0,-2.0,44.0
7800,76.0,-105.0,-95.0,6.0,-1.0,-1.0
7840,77.0,21.0,37.0,10.0,7.0,-3.0
7880,73.0,56.0,58.0,0.0,-9.0,32.0
7920,110.0,-59.0,-131.0,20.0,12.0,-17.0
7960,102.0,39.0,42.0,14.0,8.0,39.0
8000,115.0,29.0,6.0,5.0,-2.0,7.0
8040,118.0,-123.0,-70.0,16.0,20.0,-15.0
8080,73.0,162.0,92.0,10.0,19.0,35.0
8120,105.0,-84.0,-122.0,13.0,22.0,-21.0
8160,124.0,2.0,33.0,16.0,29.0,13.0
8200,105.0,64.0,49.0,12.0,5.0,26.0
8240,114.0,-77.0,-80.0,19.0,14.0,-26.0
8280,83.0,59.0,25.0,14.0,40.0,18.0
8320,78.0,69.0,23.0,8.0,37.0,4.0
8360,112.0,-90.0,-68.0,12.0,52.0,1.0
8400,84.0,81.0,76.0,-1.0,35.0,27.0
8440,68.0,-22.0,-19.0,-3.0,12.0,-9.0
8480,65.0,-25.0,-41.0,0.0,42.0,-6.0
8520,43.0,40.0,56.0,-7.0,47.0,8.0
8560,50.0,-42.0,-9.0,-14.0,55.0,-18.0
8600,38.0,-56.0,-14.0,-16.0,62.0,-19.0
8640,20.0,108.0,36.0,-20.0,35.0,15.0
8680,48.0,-113.0,-53.0,-16.0,39.0,-35.0
8720,1.0,11.0,62.0,-14.0,50.0,-19.0
8760,-2.0,28.0,42.0,-12.0,41.0,0.0
8800,0.0,-82.0,-71.0,-8.0,67.0,-51.0
8840,-10.0,9.0,98.0,-14.0,58.0,-7.0
8880,-25.0,39.0,32.0,-16.0,43.0,-19.0
8920,15.0,-113.0,-28.0,-6.0,53.0,-46.0
8960,-25.0,82.0,98.0,-6.0,36.0,15.0
9000,-17.0,-55.0,0.0,-6.0,36.0,-48.0
9040,-32.0,-68.0,41.0,-5.0,59.0,-24.0
9080,-47.0,113.0,83.0,-13.0,42.0,18.0
9120,-13.0,-107.0,-62.0,-6.0,43.0,-43.0
9160,-24.0,41.0,81.0,-8.0,39.0,-1.0
9200,-28.0,14.0,51.0,-14.0,11.0,2.0
9240,-19.0,-75.0,-51.0,-5.0,24.0,-35.0
9280,-29.0,43.0,74.0,-7.0,27.0,1.0
9320,-16.0,-2.0,18.0,-11.0,17.0,-15.0
9360,15.0,-59.0,-43.0,1.0,33.0,-26.0
9400,4.0,48.0,60.0,-9.0,12.0,20.0
9440,27.0,-7.0,-5.0,0.0,3.0,-28.0
9480,30.0,-102.0,-10.0,8.0,10.0,-15.0
9520,-2.0,158.0,72.0,8.0,-1.0,12.0
9560,53.0,-128.0,-100.0,17.0,12.0,-28.0
9600,56.0,37.0,72.0,16.0,15.0,9.0
9640,64.0,62.0,15.0,12.0,-9.0,11.0
9680,88.0,-83.0,-96.0,20.0,4.0,-29.0
9720,72.0,71.0,53.0,18.0,2.0,27.0
9760,78.0,-3.0,-8.0,17.0,-7.0,-6.0
9800,109.0,-42.0,-61.0,23.0,13.0,2.0
9840,90.0,92.0,32.0,17.0,-8.0,36.0
9880,115.0,6.0,-55.0,19.0,-9.0,-1.0
9920,118.0,-50.0,-42.0,23.0,6.0,12.0
9960,97.0,132.0,50.0,15.0,-11.0,46.0
10000,117.0,-81.0,-98.0,21.0,1.0,-14.0
10040,102.0,43.0,1.0,19.0,6.0,30.0
10080,95.0,61.0,19.0,16.0,-10.0,29.0
10120,111.0,-50.0,-87.0,23.0,8.0,-11.0
10160,86.0,17.0,39.0,19.0,4.0,34.0
10200,68.0,88.0,2.0,22.0,-3.0,11.0
10240,81.0,-152.0,-94.0,27.0,18.0,-12.0
10280,40.0,147.0,113.0,18.0,6.0,29.0
10320,57.0,-83.0,-58.0,24.0,7.0,-15.0
10360,51.0,-30.0,-12.0,24.0,21.0,1.0
10400,26.0,77.0,88.0,19.0,1.0,19.0
10440,25.0,-81.0,-56.0,21.0,14.0,-33.0
10480,1.0,-2.0,43.0,20.0,28.0,3.0
10520,-20.0,61.0,67.0,13.0,14.0,11.0
10560,8.0,-103.0,-55.0,17.0,31.0,-38.0
10600,-20.0,48.0,86.0,9.0,23.0,18.0
10640,-19.0,27.0,34.0,8.0,6.0,-15.0
10680,-6.0,-116.0,-22.0,16.0,23.0,-27.0
10720,-47.0,111.0,122.0,7.0,17.0,13.0
10760,-41.0,-60.0,-12.0,9.0,19.0,-26.0
10800,-42.0,-38.0,52.0,14.0,33.0,-17.0
10840,-70.0,76.0,115.0,8.0,12.0,11.0
10880,-49.0,-61.0,-3.0,13.0,15.0,-41.0
10920,-60.0,-30.0,79.0,19.0,17.0,-8.0
10960,-79.0,67.0,118.0,15.0,0.0,-6.0
11000,-67.0,-117.0,-21.0,22.0,18.0,-46.0
11040,-79.0,48.0,132.0,19.0,16.0,-5.0
11080,-87.0,-11.0,49.0,20.0,2.0,-18.0
11120,-69.0,-108.0,26.0,26.0,15.0,-49.0
11160,-103.0,53.0,153.0,21.0,-1.0,-2.0
11200,-81.0,-45.0,38.0,22.0,-9.0,-38.0
11240,-74.0,-106.0,49.0,30.0,7.0,-38.0
11280,-93.0,77.0,171.0,21.0,-9.0,-1.0
11320,-63.0,-117.0,-19.0,27.0,-4.0,-52.0
11360,-58.0,-15.0,111.0,27.0,1.0,-13.0
11400,-61.0,42.0,119.0,22.0,-19.0,-9.0
11440,-26.0,-133.0,-13.0,26.0,-6.0,-50.0
11480,-44.0,38.0,139.0,25.0,-9.0,-2.0
11520,-36.0,-7.0,61.0,24.0,-18.0,-16.0
11560,-3.0,-94.0,-9.0,32.0,0.0,-35.0
11600,-8.0,69.0,137.0,27.0,-16.0,13.0
11640,18.0,-44.0,-3.0,32.0,-25.0,-15.0
11680,35.0,-81.0,15.0,37.0,-9.0,-12.0
11720,24.0,109.0,133.0,31.0,-22.0,16.0
11760,57.0,-106.0,-55.0,37.0,-16.0,-19.0
11800,61.0,12.0,73.0,40.0,0.0,10.0
11840,51.0,38.0,71.0,33.0,-18.0,14.0
11880,90.0,-81.0,-30.0,41.0,-5.0,-28.0
11920,62.0,22.0,77.0,38.0,-6.0,30.0
11960,68.0,56.0,61.0,35.0,-19.0,0.0
12000,99.0,-118.0,0.0,39.0,-1.0,-9.0
12040,80.0,140.0,126.0,35.0,-5.0,31.0
12080,113.0,-54.0,-48.0,37.0,-4.0,5.0
12120,117.0,-24.0,3.0,38.0,13.0,9.0
12160,97.0,39.0,93.0,27.0,-2.0,37.0
12200,75.0,-38.0,-43.0,24.0,7.0,-17.0
12240,63.0,-12.0,16.0,25.0,26.0,-3.0
12280,54.0,108.0,52.0,20.0,10.0,19.0
12320,113.0,-90.0,-63.0,30.0,17.0,-17.0
12360,102.0,74.0,104.0,27.0,7.0,31.0
12400,104.0,52.0,36.0,25.0,-5.0,18.0
12440,107.0,-57.0,-29.0,32.0,31.0,-11.0
12480,75.0,96.0,103.0,24.0,40.0,51.0
12520,84.0,-12.0,-12.0,22.0,35.0,10.0
12560,105.0,-40.0,8.0,24.0,40.0,15.0
12600,87.0,135.0,83.0,18.0,13.0,42.0
12640,104.0,-75.0,-56.0,23.0,21.0,-12.0
12680,77.0,36.0,84.0,21.0,48.0,17.0
12720,62.0,65.0,72.0,15.0,41.0,36.0
12760,92.0,-65.0,-33.0,17.0,55.0,10.0
12800,78.0,67.0,80.0,13.0,45.0,40.0
12840,84.0,46.0,35.0,11.0,26.0,23.0
12880,95.0,-79.0,-38.0,19.0,48.0,2.0
12920,48.0,76.0,97.0,16.0,47.0,35.0
12960,58.0,-19.0,10.0,13.0,50.0,-7.0
13000,60.0,-60.0,16.0,13.0,65.0,-4.0
13040,53.0,142.0,101.0,7.0,43.0,33.0
13080,90.0,-79.0,-26.0,16.0,44.0,-19.0
13120,73.0,23.0,79.0,19.0,48.0,21.0
13160,33.0,69.0,56.0,19.0,28.0,20.0
13200,46.0,-48.0,-41.0,28.0,50.0,-17.0
13240,24.0,30.0,62.0,23.0,60.0,18.0
13280,39.0,82.0,46.0,20.0,48.0,7.0
13320,52.0,-110.0,-54.0,25.0,60.0,-22.0
13360,21.0,114.0,108.0,18.0,34.0,24.0
13400,33.0,-35.0,-11.0,20.0,18.0,-20.0
13440,39.0,-42.0,13.0,27.0,37.0,-10.0
13480,31.0,106.0,86.0,24.0,27.0,19.0
13520,62.0,-42.0,-59.0,32.0,38.0,-14.0
13560,59.0,-8.0,18.0,36.0,42.0,9.0
13600,43.0,119.0,60.0,32.0,16.0,25.0
13640,83.0,-101.0,-72.0,39.0,30.0,-30.0
13680,66.0,96.0,65.0,35.0,27.0,32.0
13720,92.0,30.0,16.0,38.0,18.0,3.0
13760,113.0,-54.0,-41.0,42.0,36.0,-6.0
13800,98.0,95.0,70.0,35.0,23.0,35.0
13840,108.0,29.0,-38.0,43.0,21.0,0.0
13880,122.0,-46.0,-54.0,50.0,35.0,10.0
13920,101.0,134.0,58.0,44.0,11.0,46.0
13960,138.0,-40.0,-78.0,48.0,15.0,6.0
14000,141.0,-7.0,-11.0,48.0,24.0,40.0
14040,129.0,119.0,49.0,40.0,10.0,38.0
14080,155.0,-92.0,-88.0,47.0,30.0,2.0
14120,129.0,67.0,46.0,39.0,24.0,52.0
14160,136.0,64.0,16.0,41.0,5.0,34.0
14200,152.0,-79.0,-69.0,47.0,21.0,9.0
14240,119.0,120.0,85.0,42.0,14.0,58.0
14280,122.0,18.0,-15.0,46.0,18.0,24.0
14320,123.0,-39.0,-5.0,48.0,39.0,34.0
14360,91.0,138.0,118.0,37.0,20.0,61.0
14400,101.0,-36.0,-28.0,37.0,30.0,18.0
14440,84.0,13.0,54.0,35.0,33.0,43.0
14480,62.0,122.0,112.0,29.0,18.0,59.0
14520,75.0,-81.0,-42.0,36.0,34.0,4.0
14560,46.0,70.0,103.0,29.0,32.0,52.0
14600,29.0,85.0,27.0,28.0,24.0,33.0
14640,45.0,-99.0,-47.0,35.0,45.0,2.0
14680,11.0,145.0,131.0,28.0,30.0,54.0
14720,35.0,-36.0,-8.0,27.0,22.0,13.0
14760,43.0,-9.0,5.0,30.0,34.0,20.0
14800,30.0,81.0,104.0,25.0,20.0,33.0
14840,48.0,-31.0,6.0,36.0,32.0,-6.0
14880,44.0,-10.0,38.0,39.0,47.0,14.0
14920,27.0,122.0,96.0,35.0,31.0,31.0
14960,64.0,-68.0,-18.0,40.0,38.0,-8.0
15000,47.0,32.0,122.0,39.0,34.0,30.0
15040,31.0,105.0,100.0,38.0,22.0,23.0
15080,58.0,-105.0,-13.0,46.0,44.0,-13.0
15120,26.0,122.0,179.0,35.0,39.0,44.0
15160,28.0,-1.0,51.0,34.0,33.0,1.0
15200,33.0,-49.0,35.0,36.0,45.0,-6.0
15240,6.0,140.0,157.0,29.0,23.0,42.0
15280,15.0,-81.0,-7.0,37.0,25.0,-13.0
15320,2.0,19.0,110.0,37.0,35.0,9.0
15360,-15.0,87.0,128.0,31.0,20.0,26.0
15400,12.0,-74.0,-14.0,37.0,33.0,-16.0
15440,2.0,32.0,121.0,37.0,30.0,22.0
15480,-2.0,62.0,67.0,37.0,11.0,8.0
15520,43.0,-123.0,-9.0,46.0,25.0,-20.0
15560,13.0,109.0,129.0,45.0,17.0,33.0
15600,44.0,-49.0,0.0,49.0,15.0,-9.0
15640,51.0,-52.0,29.0,57.0,34.0,-16.0
15680,37.0,99.0,93.0,54.0,21.0,30.0
15720,78.0,-58.0,-16.0,59.0,19.0,-14.0
15760,80.0,-14.0,50.0,61.0,23.0,10.0
15800,77.0,110.0,87.0,56.0,1.0,24.0
15840,120.0,-86.0,-53.0,66.0,17.0,-8.0
15880,113.0,61.0,91.0,65.0,29.0,24.0
15920,106.0,47.0,57.0,55.0,20.0,26.0
15960,133.0,-41.0,-46.0,62.0,36.0,-10.0
16000,112.0,92.0,79.0,53.0,22.0,49.0
16040,127.0,36.0,46.0,51.0,10.0,24.0
16080,131.0,-88.0,-4.0,58.0,24.0,8.0
16120,86.0,162.0,79.0,48.0,13.0,64.0
16160,130.0,-66.0,-67.0,52.0,20.0,1.0
16200,126.0,46.0,33.0,52.0,39.0,34.0
16240,119.0,53.0,58.0,44.0,19.0,47.0
16280,104.0,-40.0,-81.0,52.0,30.0,-1.0
16320,69.0,-18.0,2.0,53.0,33.0,29.0
16360,53.0,150.0,48.0,48.0,18.0,28.0
16400,109.0,-149.0,-81.0,57.0,35.0,6.0
16440,70.0,141.0,114.0,52.0,25.0,45.0
16480,99.0,-3.0,-13.0,54.0,19.0,21.0
16520,78.0,-73.0,-42.0,66.0,45.0,9.0
16560,48.0,173.0,140.0,55.0,38.0,65.0
16600,72.0,-79.0,-44.0,54.0,44.0,10.0
16640,72.0,54.0,34.0,47.0,51.0,46.0
16680,63.0,86.0,71.0,41.0,25.0,59.0
16720,70.0,-50.0,-36.0,48.0,39.0,15.0
16760,45.0,41.0,119.0,37.0,49.0,45.0
16800,23.0,140.0,57.0,30.0,43.0,55.0
16840,64.0,-102.0,-33.0,35.0,58.0,20.0
16880,25.0,178.0,148.0,24.0,40.0,69.0
16920,59.0,-12.0,13.0,27.0,25.0,41.0
16960,34.0,-11.0,-13.0,30.0,43.0,30.0
17000,20.0,139.0,103.0,26.0,38.0,65.0
17040,35.0,-34.0,-33.0,30.0,41.0,14.0
17080,37.0,-9.0,62.0,31.0,52.0,38.0
17120,13.0,136.0,69.0,28.0,28.0,45.0
17160,62.0,-89.0,-35.0,34.0,37.0,5.0
17200,22.0,73.0,67.0,40.0,38.0,36.0
17240,29.0,64.0,76.0,41.0,19.0,29.0
17280,51.0,-61.0,-32.0,48.0,40.0,7.0
17320,30.0,81.0,100.0,40.0,37.0,33.0
17360,29.0,41.0,37.0,45.0,36.0,17.0
17400,29.0,-65.0,4.0,50.0,51.0,-13.0
17440,2.0,141.0,143.0,42.0,26.0,50.0
17480,34.0,-20.0,20.0,41.0,22.0,-10.0
17520,18.0,-45.0,57.0,40.0,29.0,4.0
17560,-5.0,194.0,146.0,36.0,12.0,30.0
17600,26.0,-129.0,-59.0,48.0,29.0,-18.0
17640,1.0,100.0,141.0,41.0,30.0,26.0
17680,5.0,60.0,51.0,36.0,7.0,19.0
17720,29.0,-77.0,-34.0,44.0,16.0,-23.0
17760,-4.0,92.0,112.0,44.0,3.0,29.0
17800,21.0,20.0,17.0,48.0,-3.0,-14.0
17840,40.0,-106.0,-31.0,56.0,16.0,-20.0
17880,20.0,136.0,110.0,49.0,-2.0,17.0
17920,63.0,-67.0,-60.0,59.0,-3.0,-35.0
17960,70.0,-29.0,4.0,67.0,5.0,-11.0
18000,61.0,128.0,74.0,63.0,-11.0,4.0
18040,104.0,-124.0,-64.0,73.0,2.0,-34.0
18080,81.0,76.0,66.0,73.0,4.0,10.0
18120,88.0,68.0,44.0,68.0,-9.0,3.0
18160,112.0,-79.0,-36.0,76.0,17.0,-20.0
18200,90.0,89.0,103.0,64.0,10.0,28.0
18240,101.0,61.0,22.0,63.0,0.0,6.0
18280,113.0,-98.0,-12.0,61.0,9.0,5.0
18320,64.0,172.0,154.0,49.0,-8.0,39.0
18360,94.0,-47.0,-8.0,50.0,0.0,9.0
18400,66.0,-32.0,52.0,50.0,18.0,22.0
18440,38.0,162.0,154.0,41.0,2.0,48.0
18480,53.0,-121.0,-32.0,43.0,11.0,6.0
18520,21.0,51.0,122.0,38.0,5.0,42.0
18560,5.0,47.0,101.0,37.0,-13.0,35.0
18600,20.0,-110.0,-5.0,44.0,9.0,-8.0
18640,-18.0,68.0,157.0,45.0,6.0,40.0
18680,-16.0,12.0,68.0,44.0,7.0,12.0
18720,-7.0,-126.0,31.0,49.0,21.0,-4.0
18760,-57.0,119.0,191.0,41.0,2.0,38.0
18800,-33.0,-53.0,30.0,47.0,10.0,-8.0
18840,-37.0,-58.0,75.0,51.0,21.0,9.0
18880,-52.0,119.0,197.0,41.0,10.0,29.0
18920,-21.0,-110.0,6.0,48.0,22.0,-16.0
18960,-41.0,20.0,140.0,41.0,27.0,20.0
19000,-47.0,123.0,144.0,37.0,14.0,17.0
19040,-5.0,-141.0,15.0,40.0,31.0,-13.0
19080,-42.0,136.0,194.0,33.0,21.0,39.0
19120,-25.0,3.0,89.0,30.0,10.0,9.0
19160,-5.0,-44.0,45.0,37.0,26.0,5.0
19200,-28.0,95.0,190.0,32.0,14.0,37.0
19240,-4.0,16.0,48.0,39.0,18.0,7.0
19280,5.0,-89.0,56.0,46.0,27.0,6.0
19320,-25.0,185.0,190.0,40.0,6.0,39.0
19360,21.0,-149.0,-10.0,52.0,15.0,-16.0
19400,-2.0,64.0,150.0,51.0,20.0,20.0
19440,1.0,60.0,118.0,51.0,7.0,18.0
19480,20.0,-107.0,1.0,61.0,25.0,-25.0
19520,4.0,79.0,171.0,60.0,17.0,26.0
19560,10.0,11.0,46.0,61.0,5.0,-3.0
19600,43.0,-96.0,35.0,66.0,21.0,-22.0
19640,8.0,126.0,146.0,60.0,11.0,26.0
19680,54.0,-44.0,13.0,65.0,12.0,-18.0
19720,49.0,-39.0,45.0,66.0,26.0,0.0
19760,41.0,123.0,146.0,55.0,12.0,21.0
19800,74.0,-64.0,-37.0,62.0,20.0,-13.0
19840,56.0,11.0,60.0,61.0,23.0,12.0
19880,39.0,112.0,87.0,57.0,7.0,20.0
19920,92.0,-119.0,-41.0,63.0,20.0,-14.0
19960,65.0,106.0,92.0,61.0,18.0,28.0
20000,99.0,45.0,38.0,59.0,3.0,17.0
20040,121.0,-89.0,-24.0,70.0,18.0,-3.0
20080,95.0,125.0,156.0,64.0,4.0,45.0
20120,118.0,26.0,10.0,69.0,3.0,9.0
20160,134.0,-94.0,45.0,72.0,20.0,20.0
20200,81.0,193.0,126.0,68.0,9.0,50.0
20240,148.0,-147.0,-50.0,74.0,21.0,-1.0
20280,126.0,124.0,71.0,76.0,28.0,39.0
20320,139.0,44.0,21.0,62.0,9.0,42.0
20360,149.0,-49.0,8.0,68.0,25.0,7.0
20400,78.0,41.0,41.0,64.0,29.0,38.0
20440,75.0,62.0,7.0,60.0,30.0,17.0
20480,101.0,-35.0,-28.0,62.0,48.0,24.0
20520,89.0,91.0,110.0,54.0,25.0,52.0
20560,110.0,42.0,6.0,52.0,14.0,33.0
20600,94.0,-102.0,-36.0,65.0,35.0,17.0
20640,48.0,184.0,141.0,55.0,38.0,64.0
20680,88.0,-97.0,-36.0,56.0,58.0,18.0
20720,62.0,65.0,71.0,46.0,61.0,44.0
20760,69.0,84.0,71.0,36.0,32.0,61.0
20800,95.0,-93.0,-66.0,52.0,37.0,16.0
20840,46.0,40.0,135.0,47.0,41.0,45.0
20880,52.0,109.0,68.0,42.0,38.0,38.0
20920,68.0,-153.0,-59.0,49.0,70.0,19.0
20960,44.0,204.0,170.0,41.0,56.0,58.0
21000,81.0,-103.0,-19.0,43.0,49.0,21.0
21040,44.0,2.0,39.0,43.0,58.0,32.0
21080,21.0,144.0,121.0,35.0,44.0,41.0
21120,56.0,-104.0,-48.0,40.0,54.0,9.0
21160,30.0,37.0,112.0,36.0,66.0,19.0
21200,17.0,91.0,93.0,31.0,51.0,33.0
21240,50.0,-86.0,-46.0,39.0,67.0,-10.0
21280,5.0,90.0,123.0,30.0,59.0,37.0
21320,19.0,85.0,64.0,29.0,39.0,10.0
21360,44.0,-111.0,-29.0,36.0,50.0,12.0
21400,11.0,180.0,144.0,30.0,46.0,37.0
21440,41.0,-58.0,0.0,36.0,57.0,-7.0
21480,15.0,-1.0,63.0,36.0,77.0,6.0
21520,-14.0,142.0,112.0,33.0,52.0,31.0
21560,30.0,-59.0,10.0,38.0,44.0,-5.0
21600,11.0,10.0,95.0,39.0,40.0,12.0
21640,3.0,122.0,108.0,43.0,26.0,13.0
21680,13.0,-113.0,-41.0,51.0,53.0,-13.0
21720,-9.0,107.0,129.0,49.0,49.0,27.0
21760,14.0,14.0,33.0,44.0,29.0,16.0
21800,39.0,-73.0,5.0,43.0,37.0,-21.0
21840,-5.0,92.0,115.0,42.0,14.0,25.0
21880,12.0,21.0,-5.0,50.0,19.0,-13.0
21920,23.0,-111.0,19.0,53.0,32.0,-12.0
21960,-1.0,198.0,129.0,41.0,15.0,35.0
22000,67.0,-124.0,-86.0,52.0,20.0,-24.0
22040,31.0,63.0,53.0,52.0,23.0,12.0
22080,44.0,83.0,55.0,52.0,6.0,20.0
22120,60.0,-85.0,-68.0,58.0,18.0,-16.0
22160,51.0,71.0,78.0,54.0,10.0,36.0
22200,56.0,78.0,15.0,55.0,-3.0,10.0
22240,84.0,-109.0,-62.0,65.0,18.0,-1.0
22280,35.0,163.0,93.0,60.0,8.0,30.0
22320,66.0,-34.0,-49.0,62.0,5.0,9.0
22360,59.0,-40.0,-31.0,68.0,7.0,13.0
22400,37.0,155.0,86.0,59.0,-18.0,38.0
22440,68.0,-73.0,-93.0,67.0,-4.0,-7.0
22480,43.0,-1.0,31.0,66.0,8.0,23.0
22520,19.0,116.0,64.0,58.0,-2.0,31.0
22560,43.0,-114.0,-89.0,63.0,10.0,-10.0
22600,-7.0,59.0,73.0,52.0,-3.0,42.0
22640,3.0,80.0,26.0,52.0,-16.0,9.0
22680,17.0,-170.0,-76.0,59.0,2.0,6.0
22720,-34.0,166.0,125.0,53.0,-5.0,35.0
22760,-19.0,-66.0,-48.0,53.0,0.0,-1.0
22800,-27.0,-50.0,-1.0,52.0,14.0,18.0
22840,-58.0,121.0,101.0,43.0,-4.0,27.0
22880,-31.0,-85.0,-50.0,45.0,6.0,-7.0
22920,-52.0,-7.0,53.0,45.0,9.0,15.0
22960,-73.0,116.0,82.0,42.0,-7.0,27.0
23000,-42.0,-129.0,-50.0,52.0,9.0,-21.0
23040,-81.0,78.0,112.0,46.0,5.0,20.0
23080,-68.0,62.0,38.0,48.0,-1.0,3.0
23120,-57.0,-114.0,-32.0,55.0,15.0,-9.0
23160,-93.0,141.0,161.0,47.0,-3.0,24.0
23200,-70.0,-24.0,-4.0,48.0,-7.0,0.0
23240,-58.0,-38.0,47.0,51.0,4.0,-5.0
23280,-91.0,120.0,141.0,45.0,-6.0,31.0
23320,-56.0,-61.0,16.0,50.0,3.0,-23.0
23360,-85.0,-1.0,68.0,48.0,6.0,13.0
23400,-87.0,125.0,137.0,43.0,-11.0,15.0
23440,-58.0,-102.0,-16.0,46.0,-2.0,-13.0
23480,-83.0,48.0,149.0,45.0,-6.0,6.0
23520,-91.0,96.0,88.0,42.0,-14.0,11.0
23560,-67.0,-165.0,-28.0,51.0,4.0,-27.0
23600,-98.0,177.0,208.0,42.0,-8.0,15.0
23640,-72.0,-100.0,-22.0,43.0,-13.0,-16.0
23680,-56.0,-3.0,47.0,50.0,-5.0,-24.0
23720,-82.0,60.0,122.0,44.0,-22.0,13.0
23760,-44.0,-23.0,-18.0,52.0,-16.0,-36.0
23800,-61.0,-95.0,47.0,58.0,-12.0,-8.0
23840,-69.0,209.0,126.0,53.0,-22.0,5.0
23880,-10.0,-238.0,-95.0,61.0,-12.0,-42.0
23920,-44.0,177.0,170.0,56.0,-17.0,14.0
23960,-14.0,-46.0,-3.0,59.0,-29.0,-20.0
24000,14.0,-35.0,5.0,60.0,-19.0,-13.0
24040,-6.0,41.0,102.0,58.0,-25.0,3.0
24080,14.0,6.0,28.0,55.0,-26.0,-11.0
24120,40.0,-87.0,5.0,58.0,-14.0,-13.0
24160,15.0,142.0,124.0,52.0,-27.0,16.0
24200,64.0,-74.0,-15.0,55.0,-26.0,-9.0
24240,45.0,-67.0,90.0,59.0,-21.0,3.0
24280,15.0,139.0,99.0,51.0,-36.0,30.0
24320,72.0,-173.0,-65.0,56.0,-22.0,-20.0
24360,79.0,144.0,112.0,53.0,-16.0,34.0
24400,113.0,-45.0,-11.0,49.0,-22.0,6.0
24440,124.0,-21.0,2.0,51.0,-8.0,-4.0
24480,52.0,-36.0,49.0,53.0,-10.0,14.0
24520,43.0,79.0,11.0,49.0,-13.0,-7.0
24560,71.0,-136.0,-29.0,49.0,2.0,-7.0
24600,79.0,220.0,157.0,45.0,-13.0,33.0
24640,141.0,-145.0,-49.0,52.0,-16.0,2.0
24680,98.0,37.0,80.0,59.0,-1.0,8.0
24720,58.0,64.0,96.0,52.0,-2.0,34.0
24760,70.0,-50.0,-30.0,47.0,28.0,-2.0
24800,52.0,23.0,90.0,39.0,32.0,28.0
24840,75.0,111.0,64.0,30.0,11.0,35.0
24880,115.0,-198.0,-59.0,41.0,13.0,1.0
24920,44.0,173.0,186.0,32.0,10.0,37.0
24960,61.0,-82.0,-11.0,28.0,17.0,2.0
25000,49.0,-26.0,19.0,29.0,52.0,14.0
25040,48.0,108.0,101.0,21.0,43.0,37.0
25080,100.0,-96.0,-39.0,23.0,40.0,1.0
25120,86.0,-18.0,59.0,22.0,40.0,20.0
25160,57.0,106.0,58.0,22.0,25.0,17.0
25200,95.0,-148.0,-55.0,30.0,45.0,-27.0
25240,39.0,30.0,112.0,26.0,60.0,14.0
25280,65.0,46.0,74.0,26.0,54.0,-10.0
25320,85.0,-123.0,-52.0,31.0,68.0,-18.0
25360,57.0,129.0,132.0,26.0,56.0,5.0
25400,73.0,-30.0,10.0,31.0,41.0,-16.0
25440,68.0,-87.0,16.0,37.0,55.0,-13.0
25480,23.0,144.0,126.0,30.0,50.0,9.0
25520,60.0,-76.0,-31.0,32.0,69.0,-30.0
25560,33.0,4.0,54.0,31.0,87.0,-9.0
25600,17.0,110.0,100.0,24.0,67.0,10.0
25640,39.0,-120.0,-51.0,24.0,63.0,-31.0
25680,-2.0,38.0,104.0,15.0,49.0,6.0
25720,-2.0,72.0,45.0,20.0,37.0,-12.0
25760,25.0,-135.0,-51.0,29.0,61.0,-30.0
25800,-8.0,123.0,115.0,30.0,61.0,6.0
25840,39.0,-18.0,-32.0,33.0,57.0,-13.0
25880,42.0,-96.0,-14.0,32.0,62.0,-9.0
25920,-2.0,141.0,109.0,26.0,35.0,10.0
25960,36.0,-114.0,-59.0,36.0,37.0,-29.0
26000,31.0,-20.0,31.0,40.0,47.0,2.0
26040,44.0,95.0,77.0,42.0,34.0,2.0
26080,87.0,-147.0,-78.0,47.0,51.0,-29.0
26120,48.0,68.0,70.0,46.0,46.0,-1.0
26160,51.0,35.0,-5.0,48.0,31.0,12.0
26200,84.0,-101.0,-57.0,51.0,43.0,-23.0
26240,62.0,83.0,88.0,42.0,26.0,42.0
26280,95.0,37.0,-40.0,46.0,24.0,2.0
26320,103.0,-130.0,-69.0,50.0,39.0,10.0
26360,55.0,196.0,96.0,41.0,26.0,36.0
26400,99.0,-119.0,-117.0,43.0,32.0,-5.0
26440,72.0,33.0,1.0,38.0,34.0,28.0
26480,79.0,109.0,37.0,36.0,11.0,34.0
26520,98.0,-91.0,-106.0,41.0,21.0,-6.0
26560,76.0,52.0,56.0,41.0,23.0,37.0
26600,61.0,108.0,-4.0,39.0,19.0,23.0
26640,97.0,-139.0,-102.0,43.0,34.0,11.0
26680,37.0,143.0,108.0,37.0,17.0,35.0
26720,61.0,-19.0,-54.0,40.0,12.0,8.0
26760,58.0,-65.0,-48.0,48.0,26.0,4.0
26800,24.0,131.0,84.0,40.0,16.0,36.0
26840,51.0,-82.0,-72.0,45.0,26.0,-12.0
26880,20.0,-26.0,8.0,42.0,26.0,19.0
26920,-11.0,107.0,61.0,36.0,13.0,15.0
26960,18.0,-125.0,-88.0,40.0,30.0,-17.0
27000,-19.0,29.0,63.0,34.0,31.0,22.0
27040,-21.0,60.0,38.0,32.0,19.0,5.0
27080,-4.0,-148.0,-68.0,32.0,30.0,-11.0
27120,-42.0,102.0,118.0,25.0,22.0,8.0
27160,-38.0,-25.0,-1.0,26.0,25.0,-9.0
27200,-36.0,-84.0,-14.0,31.0,39.0,-21.0
27240,-71.0,105.0,128.0,24.0,24.0,12.0
27280,-27.0,-40.0,-24.0,26.0,22.0,-24.0
27320,-42.0,-78.0,36.0,26.0,25.0,-13.0
27360,-68.0,162.0,145.0,20.0,13.0,2.0
27400,-44.0,-164.0,-77.0,33.0,31.0,-53.0
27440,-78.0,71.0,114.0,30.0,31.0,-2.0
27480,-78.0,48.0,47.0,27.0,20.0,-25.0
27520,-39.0,-121.0,-33.0,30.0,27.0,-45.0
27560,-77.0,88.0,125.0,26.0,14.0,-10.0
27600,-64.0,-7.0,7.0,31.0,11.0,-37.0
27640,-59.0,-121.0,-9.0,36.0,24.0,-43.0
27680,-90.0,134.0,131.0,28.0,11.0,-11.0
27720,-58.0,-121.0,-50.0,33.0,11.0,-49.0
27760,-66.0,-4.0,46.0,31.0,15.0,-33.0
27800,-81.0,59.0,71.0,27.0,0.0,-20.0
27840,-45.0,-98.0,-37.0,34.0,6.0,-49.0
27880,-65.0,-15.0,89.0,32.0,2.0,-24.0
27920,-66.0,83.0,71.0,28.0,-9.0,-25.0
27960,-29.0,-146.0,-60.0,36.0,1.0,-48.0
28000,-64.0,89.0,133.0,31.0,-4.0,-10.0
28040,-34.0,-13.0,18.0,31.0,-15.0,-22.0
28080,-20.0,-103.0,-29.0,32.0,-7.0,-37.0
28120,-41.0,119.0,120.0,28.0,-21.0,4.0
28160,3.0,-87.0,-43.0,33.0,-21.0,-32.0
28200,7.0,-69.0,27.0,35.0,-14.0,-13.0
28240,-10.0,107.0,81.0,28.0,-29.0,1.0
28280,34.0,-173.0,-91.0,34.0,-27.0,-27.0
28320,8.0,97.0,81.0,36.0,-28.0,-3.0
28360,35.0,9.0,48.0,33.0,-40.0,-8.0
28400,79.0,-134.0,-33.0,47.0,-30.0,-6.0
28440,-24.0,-71.0,-39.0,46.0,-35.0,3.0
28480,42.0,109.0,120.0,33.0,-41.0,-17.0
28520,94.0,-107.0,-133.0,44.0,-33.0,-5.0
28560,90.0,53.0,15.0,33.0,-39.0,5.0
28600,55.0,-89.0,7.0,38.0,-38.0,-37.0
28640,57.0,-102.0,-1.0,51.0,-21.0,-16.0
28680,18.0,149.0,-21.0,40.0,-36.0,16.0
28720,92.0,-41.0,-61.0,32.0,-39.0,-40.0
28760,111.0,-58.0,105.0,35.0,-37.0,21.0
28800,60.0,84.0,-32.0,38.0,-46.0,19.0
28840,46.0,-179.0,-143.0,52.0,-20.0,-64.0
28880,-3.0,193.0,183.0,29.0,-8.0,26.0
28920,43.0,-96.0,-133.0,27.0,-15.0,5.0
28960,35.0,-48.0,-21.0,21.0,-15.0,-26.0
29000,28.0,45.0,94.0,15.0,-42.0,3.0
29040,48.0,-70.0,-78.0,27.0,-45.0,-12.0
29080,5.0,-18.0,14.0,28.0,-16.0,-4.0
29120,-19.0,82.0,60.0,12.0,-11.0,-21.0
29160,52.0,-154.0,-97.0,20.0,4.0,0.0
29200,10.0,53.0,36.0,30.0,0.0,-14.0
29240,37.0,40.0,58.0,14.0,-22.0,13.0
29280,68.0,-79.0,-87.0,12.0,-8.0,-29.0
29320,33.0,17.0,58.0,19.0,4.0,-12.0
29360,19.0,18.0,15.0,25.0,5.0,-15.0
29400,45.0,-158.0,-57.0,20.0,26.0,-22.0
29440,7.0,201.0,106.0,1.0,21.0,6.0
29480,54.0,-137.0,-112.0,8.0,17.0,-33.0
29520,15.0,-20.0,6.0,15.0,18.0,-7.0
29560,-13.0,79.0,87.0,12.0,-5.0,-10.0
29600,19.0,-127.0,-81.0,16.0,8.0,-20.0
29640,-4.0,10.0,48.0,9.0,29.0,-10.0
29680,-29.0,70.0,50.0,2.0,24.0,-36.0
29720,-10.0,-146.0,-64.0,16.0,35.0,-32.0
29760,-46.0,46.0,69.0,22.0,9.0,16.0
29800,-31.0,11.0,27.0,8.0,-4.0,-39.0
29840,-33.0,-170.0,-14.0,8.0,16.0,-58.0
29880,-90.0,188.0,80.0,24.0,10.0,5.0
29920,-30.0,-134.0,-49.0,32.0,21.0,-46.0
29960,-35.0,5.0,70.0,21.0,29.0,-19.0
30000,-45.0,45.0,35.0,9.0,5.0,-9.0
30040,-30.0,-47.0,-70.0,17.0,9.0,-48.0
30080,-53.0,-31.0,49.0,19.0,9.0,-18.0
30120,-49.0,79.0,42.0,20.0,2.0,-16.0
30160,1.0,-142.0,-91.0,22.0,22.0,-66.0
30200,-26.0,70.0,59.0,12.0,11.0,-5.0
30240,-7.0,9.0,-23.0,24.0,-7.0,-33.0
30280,-3.0,-107.0,-64.0,30.0,5.0,-48.0
30320,-21.0,86.0,93.0,18.0,-10.0,7.0
30360,20.0,-57.0,-91.0,27.0,-10.0,-23.0
30400,17.0,-85.0,-27.0,29.0,-3.0,-20.0
30440,-7.0,129.0,95.0,26.0,-19.0,3.0
30480,28.0,-164.0,-129.0,36.0,-7.0,-33.0
30520,0.0,13.0,38.0,32.0,-1.0,-9.0
30560,1.0,44.0,36.0,25.0,-20.0,0.0
30600,32.0,-160.0,-76.0,30.0,-14.0,-18.0
30640,-13.0,103.0,63.0,22.0,-23.0,-1.0
30680,18.0,-60.0,-24.0,16.0,-22.0,-9.0
30720,22.0,-131.0,-33.0,24.0,-5.0,-20.0
30760,-30.0,105.0,84.0,10.0,-21.0,0.0
30800,-10.0,-72.0,-80.0,9.0,-22.0,-32.0
30840,-16.0,-88.0,5.0,8.0,-15.0,-14.0
30880,-52.0,58.0,81.0,2.0,-26.0,-10.0
30920,-29.0,-97.0,-80.0,6.0,-11.0,-42.0
30960,-63.0,-45.0,15.0,1.0,-11.0,1.0
31000,-72.0,98.0,79.0,-1.0,-23.0,-18.0
31040,-50.0,-214.0,-110.0,5.0,-12.0,-41.0
31080,-88.0,80.0,118.0,-1.0,-18.0,-8.0
31120,-103.0,-21.0,-21.0,0.0,-19.0,-31.0
31160,-84.0,-125.0,-36.0,4.0,-2.0,-46.0
31200,-122.0,63.0,102.0,-1.0,-14.0,-5.0
31240,-96.0,-60.0,-30.0,-2.0,-9.0,-54.0
31280,-105.0,-122.0,7.0,2.0,0.0,-41.0
31320,-144.0,142.0,115.0,-3.0,-12.0,-18.0
31360,-109.0,-193.0,-84.0,4.0,-2.0,-63.0
31400,-141.0,47.0,103.0,-1.0,-5.0,-26.0
31440,-137.0,-12.0,41.0,-4.0,-16.0,-33.0
31480,-117.0,-81.0,-18.0,2.0,6.0,-65.0
31520,-150.0,-31.0,91.0,0.0,6.0,-31.0
31560,-161.0,49.0,47.0,-3.0,1.0,-39.0
31600,-135.0,-194.0,-59.0,3.0,12.0,-59.0
31640,-172.0,105.0,149.0,-7.0,-6.0,-24.0
31680,-139.0,-115.0,-33.0,0.0,-9.0,-50.0
31720,-156.0,-84.0,5.0,4.0,1.0,-60.0
31760,-176.0,39.0,110.0,-2.0,-11.0,-28.0
31800,-148.0,-103.0,-55.0,7.0,-4.0,-74.0
31840,-145.0,-86.0,39.0,7.0,-3.0,-41.0
31880,-167.0,94.0,81.0,2.0,-18.0,-41.0
31920,-118.0,-236.0,-98.0,15.0,-8.0,-73.0
31960,-160.0,109.0,117.0,12.0,-11.0,-36.0
32000,-136.0,-73.0,-28.0,14.0,-20.0,-51.0
32040,-116.0,-94.0,-12.0,24.0,-8.0,-55.0
32080,-134.0,69.0,94.0,19.0,-20.0,-30.0
32120,-111.0,-49.0,-47.0,22.0,-21.0,-48.0
32160,-102.0,-69.0,-6.0,28.0,-15.0,-38.0
32200,-121.0,109.0,84.0,18.0,-27.0,-16.0
32240,-63.0,-102.0,-81.0,23.0,-23.0,-39.0
32280,-90.0,-16.0,25.0,22.0,-21.0,-21.0
32320,-88.0,99.0,62.0,16.0,-36.0,-10.0
32360,-53.0,-154.0,-101.0,23.0,-29.0,-32.0
32400,-73.0,65.0,73.0,14.0,-34.0,-1.0
32440,-67.0,-6.0,-10.0,16.0,-44.0,-17.0
32480,-39.0,-47.0,-62.0,22.0,-33.0,-31.0
32520,-53.0,24.0,83.0,14.0,-42.0,4.0
32560,-33.0,-5.0,-47.0,17.0,-44.0,-10.0
32600,-42.0,-216.0,-105.0,17.0,-34.0,-28.0
32640,-23.0,286.0,165.0,5.0,-48.0,26.0
32680,45.0,-233.0,-201.0,18.0,-50.0,-24.0
32720,20.0,81.0,70.0,15.0,-38.0,3.0
32760,-18.0,-22.0,-4.0,15.0,-50.0,2.0
32800,3.0,-85.0,-124.0,23.0,-32.0,-20.0
32840,-18.0,67.0,3.0,11.0,-35.0,10.0
32880,13.0,69.0,-13.0,1.0,-50.0,-4.0
32920,67.0,-150.0,-75.0,8.0,-42.0,-8.0
32960,-1.0,130.0,35.0,3.0,-47.0,16.0
33000,14.0,-65.0,-81.0,12.0,-39.0,-30.0
33040,12.0,24.0,24.0,5.0,-15.0,11.0
33080,-4.0,55.0,-12.0,-2.0,-29.0,29.0
33120,21.0,-55.0,-42.0,-8.0,-38.0,-5.0
33160,-1.0,-31.0,-2.0,-8.0,-40.0,11.0
33200,-16.0,94.0,19.0,-3.0,-50.0,20.0
33240,-13.0,-113.0,-93.0,-2.0,-20.0,-19.0
33280,-38.0,25.0,60.0,-14.0,-6.0,0.0
33320,-15.0,22.0,-10.0,-18.0,-23.0,9.0
33360,2.0,-121.0,-78.0,-10.0,-19.0,-21.0
33400,-19.0,140.0,90.0,-21.0,-33.0,13.0
33440,20.0,-84.0,-79.0,-18.0,-28.0,-14.0
33480,4.0,-77.0,-17.0,-6.0,-2.0,-31.0
33520,-40.0,68.0,58.0,-12.0,-12.0,13.0
33560,5.0,-57.0,-104.0,-12.0,-3.0,-43.0
33600,9.0,-46.0,-6.0,-15.0,5.0,-15.0
33640,2.0,87.0,31.0,-19.0,-7.0,-12.0
33680,17.0,-175.0,-98.0,-11.0,-2.0,-59.0
33720,-30.0,77.0,87.0,-21.0,-7.0,7.0
33760,-14.0,-10.0,-31.0,-22.0,-14.0,-29.0
33800,3.0,-127.0,-53.0,-17.0,14.0,-39.0
33840,-38.0,112.0,75.0,-20.0,10.0,-19.0
33880,-26.0,-106.0,-81.0,-12.0,-1.0,-34.0
33920,-44.0,-63.0,-15.0,-11.0,-2.0,-19.0
33960,-78.0,51.0,51.0,-28.0,-20.0,-38.0
34000,-44.0,-124.0,-70.0,-22.0,-10.0,-60.0
34040,-71.0,-39.0,9.0,-8.0,3.0,-33.0
34080,-67.0,74.0,63.0,-11.0,-7.0,-39.0
34120,-28.0,-167.0,-85.0,-5.0,2.0,-60.0
34160,-72.0,70.0,57.0,-5.0,-7.0,-32.0
34200,-59.0,-6.0,-30.0,1.0,-19.0,-40.0
34240,-35.0,-99.0,-80.0,12.0,0.0,-57.0
34280,-54.0,42.0,65.0,5.0,-6.0,-19.0
34320,-20.0,-2.0,-41.0,3.0,-2.0,-55.0
34360,-7.0,-161.0,-80.0,4.0,6.0,-39.0
34400,-36.0,169.0,87.0,1.0,-13.0,-22.0
34440,19.0,-180.0,-122.0,8.0,-8.0,-60.0
34480,7.0,2.0,37.0,2.0,-9.0,-7.0
34520,11.0,58.0,-13.0,0.0,-29.0,-15.0
34560,41.0,-170.0,-111.0,10.0,-10.0,-43.0
34600,-2.0,65.0,37.0,9.0,-10.0,-3.0
34640,17.0,-31.0,-69.0,6.0,-17.0,-27.0
34680,32.0,-107.0,-105.0,10.0,-3.0,-36.0
34720,8.0,42.0,56.0,-1.0,-25.0,-3.0
34760,30.0,-28.0,-74.0,3.0,-30.0,-30.0
34800,33.0,-120.0,-80.0,6.0,-16.0,-34.0
34840,6.0,104.0,70.0,-4.0,-21.0,1.0
34880,35.0,-107.0,-112.0,3.0,-5.0,-32.0
34920,2.0,-19.0,-21.0,0.0,-3.0,-17.0
34960,-19.0,119.0,11.0,-9.0,-20.0,4.0
35000,19.0,-182.0,-134.0,-3.0,-7.0,-40.0
35040,-18.0,104.0,60.0,-15.0,-12.0,16.0
35080,3.0,-13.0,-42.0,-18.0,-21.0,-15.0
35120,5.0,-82.0,-84.0,-22.0,-6.0,-13.0
35160,-21.0,69.0,77.0,-30.0,-18.0,16.0
35200,-17.0,-18.0,-64.0,-31.0,-19.0,-11.0
35240,-7.0,-91.0,-36.0,-27.0,-3.0,-1.0
35280,-59.0,156.0,65.0,-31.0,-18.0,19.0
35320,-10.0,-119.0,-85.0,-23.0,-6.0,-10.0
35360,-48.0,-12.0,21.0,-26.0,0.0,12.0
35400,-59.0,92.0,58.0,-38.0,-9.0,18.0
35440,-43.0,-139.0,-97.0,-32.0,8.0,-19.0
35480,-72.0,89.0,84.0,-35.0,2.0,26.0
35520,-76.0,-31.0,-22.0,-35.0,-12.0,-4.0
35560,-61.0,-63.0,-30.0,-32.0,1.0,-15.0
35600,-104.0,27.0,55.0,-40.0,-4.0,7.0
35640,-97.0,32.0,-31.0,-42.0,2.0,-22.0
35680,-94.0,-148.0,-47.0,-34.0,11.0,-22.0
35720,-123.0,166.0,112.0,-46.0,-9.0,9.0
35760,-85.0,-150.0,-96.0,-38.0,-10.0,-26.0
35800,-117.0,27.0,51.0,-39.0,-9.0,-7.0
35840,-123.0,38.0,58.0,-42.0,-17.0,8.0
35880,-108.0,-85.0,-80.0,-34.0,-2.0,-32.0
35920,-120.0,-3.0,83.0,-33.0,0.0,9.0
35960,-135.0,66.0,18.0,-36.0,-12.0,-12.0
36000,-93.0,-161.0,-69.0,-26.0,-1.0,-31.0
36040,-144.0,140.0,109.0,-30.0,-15.0,8.0
36080,-101.0,-98.0,-48.0,-24.0,-24.0,-29.0
36120,-107.0,-38.0,4.0,-17.0,-12.0,-23.0
36160,-115.0,79.0,81.0,-24.0,-25.0,-6.0
36200,-102.0,-91.0,-97.0,-14.0,-16.0,-40.0
36240,-106.0,-23.0,26.0,-10.0,-8.0,-26.0
36280,-120.0,82.0,23.0,-12.0,-25.0,-15.0
36320,-62.0,-132.0,-101.0,-4.0,-21.0,-43.0
36360,-93.0,71.0,30.0,-3.0,-29.0,-9.0
36400,-73.0,15.0,-37.0,-2.0,-38.0,-32.0
36440,-48.0,-102.0,-92.0,6.0,-22.0,-34.0
36480,-73.0,111.0,34.0,1.0,-28.0,1.0
36520,-32.0,-28.0,-86.0,1.0,-34.0,-26.0
36560,-24.0,-85.0,-79.0,2.0,-25.0,-10.0
36600,-55.0,109.0,30.0,0.0,-39.0,5.0
36640,-34.0,-106.0,-147.0,7.0,-33.0,-26.0
36680,-33.0,7.0,-9.0,9.0,-18.0,-12.0
36720,-39.0,53.0,-28.0,-1.0,-33.0,5.0
36760,12.0,-97.0,-105.0,1.0,-27.0,-29.0
36800,-25.0,12.0,10.0,-2.0,-32.0,7.0
36840,-14.0,61.0,-23.0,-6.0,-48.0,2.0
36880,0.0,-130.0,-145.0,1.0,-32.0,-16.0
36920,-37.0,133.0,47.0,-5.0,-32.0,20.0
36960,-13.0,-60.0,-133.0,-5.0,-35.0,-9.0
37000,-10.0,-30.0,-67.0,-4.0,-19.0,-3.0
37040,-28.0,102.0,-14.0,-14.0,-32.0,22.0
37080,22.0,-63.0,-112.0,-19.0,-29.0,-12.0
37120,11.0,7.0,-39.0,-20.0,-23.0,18.0
37160,4.0,114.0,-1.0,-27.0,-37.0,32.0
37200,39.0,-104.0,-153.0,-15.0,-23.0,5.0
37240,10.0,98.0,1.0,-21.0,-17.0,40.0
37280,16.0,22.0,-76.0,-25.0,-21.0,29.0
37320,22.0,-61.0,-128.0,-21.0,-5.0,2.0
37360,-5.0,104.0,-2.0,-28.0,-13.0,45.0
37400,30.0,-4.0,-76.0,-28.0,-23.0,8.0
37440,31.0,-59.0,-81.0,-27.0,-11.0,28.0
37480,13.0,163.0,44.0,-35.0,-23.0,36.0
37520,46.0,-60.0,-131.0,-31.0,-15.0,13.0
37560,15.0,37.0,-17.0,-29.0,-1.0,46.0
37600,2.0,150.0,13.0,-33.0,-12.0,48.0
37640,27.0,-99.0,-144.0,-28.0,2.0,16.0
37680,-14.0,131.0,31.0,-34.0,6.0,50.0
37720,-6.0,55.0,-51.0,-38.0,-6.0,36.0
37760,22.0,-70.0,-86.0,-42.0,11.0,19.0
37800,-19.0,132.0,63.0,-56.0,-4.0,55.0
37840,7.0,-12.0,-62.0,-55.0,-15.0,19.0
37880,-6.0,-53.0,-38.0,-54.0,-4.0,25.0
37920,-35.0,143.0,54.0,-56.0,-15.0,47.0
37960,-1.0,-110.0,-89.0,-49.0,-9.0,13.0
38000,-33.0,48.0,15.0,-47.0,-6.0,32.0
38040,-27.0,52.0,27.0,-50.0,-24.0,33.0
38080,-21.0,-62.0,-93.0,-41.0,-13.0,-2.0
38120,-27.0,37.0,57.0,-42.0,-15.0,25.0
38160,-28.0,71.0,2.0,-41.0,-26.0,21.0
38200,4.0,-118.0,-65.0,-38.0,-9.0,-13.0
38240,-45.0,122.0,82.0,-42.0,-18.0,32.0
38280,-15.0,10.0,-75.0,-34.0,-20.0,-6.0
38320,-19.0,-65.0,-52.0,-25.0,-9.0,4.0
38360,-48.0,197.0,68.0,-31.0,-25.0,22.0
38400,-9.0,-125.0,-137.0,-31.0,-21.0,-22.0
38440,-30.0,97.0,12.0,-35.0,-17.0,15.0
38480,-23.0,13.0,-30.0,-40.0,-31.0,-1.0
38520,8.0,-32.0,-78.0,-38.0,-16.0,-19.0
38560,-5.0,13.0,-7.0,-38.0,-25.0,9.0
38600,-17.0,50.0,-34.0,-40.0,-42.0,-2.0
38640,9.0,-106.0,-105.0,-29.0,-28.0,-21.0
38680,-21.0,59.0,26.0,-31.0,-38.0,20.0
38720,6.0,-14.0,-74.0,-27.0,-32.0,-14.0
38760,14.0,-113.0,-81.0,-27.0,-19.0,-11.0
38800,-8.0,115.0,54.0,-32.0,-35.0,20.0
38840,34.0,-102.0,-127.0,-26.0,-35.0,-27.0
38880,13.0,-46.0,-32.0,-25.0,-26.0,-4.0
38920,10.0,128.0,20.0,-32.0,-33.0,-5.0
38960,36.0,-188.0,-171.0,-22.0,-12.0,-39.0
39000,-4.0,127.0,25.0,-26.0,-8.0,14.0
39040,2.0,-39.0,-62.0,-32.0,-16.0,-20.0
39080,14.0,-15.0,-102.0,-27.0,2.0,-12.0
39120,-7.0,27.0,1.0,-30.0,-10.0,12.0
39160,-8.0,76.0,-60.0,-33.0,-15.0,-6.0
39200,13.0,-152.0,-102.0,-31.0,-6.0,-9.0
39240,-43.0,195.0,78.0,-43.0,-21.0,33.0
39280,-5.0,-129.0,-144.0,-34.0,-6.0,-24.0
39320,-42.0,22.0,-1.0,-37.0,4.0,24.0
39360,-62.0,70.0,20.0,-40.0,-9.0,17.0
39400,-42.0,-100.0,-104.0,-33.0,-1.0,-6.0
39440,-72.0,28.0,30.0,-36.0,-7.0,34.0
39480,-72.0,79.0,17.0,-37.0,-15.0,1.0
39520,-61.0,-154.0,-104.0,-29.0,10.0,-6.0
39560,-95.0,136.0,101.0,-37.0,5.0,20.0
39600,-84.0,-56.0,-89.0,-37.0,5.0,-5.0
39640,-71.0,-45.0,-33.0,-37.0,16.0,-2.0
39680,-102.0,111.0,45.0,-43.0,-4.0,19.0
39720,-75.0,-75.0,-97.0,-38.0,3.0,-16.0
39760,-101.0,1.0,0.0,-35.0,11.0,-4.0
39800,-114.0,102.0,61.0,-46.0,0.0,23.0
39840,-95.0,-108.0,-133.0,-42.0,9.0,-21.0
39880,-110.0,67.0,90.0,-52.0,0.0,22.0
39920,-118.0,57.0,-20.0,-54.0,-18.0,14.0
39960,-85.0,-99.0,-81.0,-46.0,-6.0,-11.0
40000,-135.0,109.0,84.0,-49.0,-15.0,36.0
40040,-126.0,-8.0,-45.0,-49.0,-20.0,-7.0
40080,-118.0,-72.0,-35.0,-45.0,-5.0,8.0
40120,-152.0,155.0,69.0,-53.0,-20.0,28.0
40160,-111.0,-120.0,-83.0,-47.0,-22.0,-10.0
40200,-120.0,69.0,10.0,-43.0,-22.0,22.0
40240,-115.0,32.0,22.0,-45.0,-46.0,28.0
40280,-114.0,-58.0,-83.0,-39.0,-34.0,-11.0
40320,-122.0,27.0,28.0,-36.0,-23.0,18.0
40360,-121.0,98.0,-51.0,-37.0,-33.0,15.0
40400,-68.0,-151.0,-101.0,-28.0,-19.0,-4.0
40440,-118.0,144.0,67.0,-36.0,-39.0,22.0
40480,-76.0,-65.0,-92.0,-37.0,-56.0,1.0
40520,-69.0,-23.0,-64.0,-27.0,-43.0,-9.0
40560,-89.0,56.0,28.0,-35.0,-52.0,28.0
40600,-47.0,-19.0,-70.0,-32.0,-44.0,-33.0
40640,-53.0,-69.0,-71.0,-32.0,-39.0,18.0
40680,-83.0,128.0,12.0,-38.0,-58.0,18.0
40720,-55.0,-175.0,-147.0,-36.0,-49.0,-29.0
40760,-80.0,95.0,47.0,-36.0,-42.0,23.0
40800,-72.0,-5.0,-104.0,-33.0,-53.0,-2.0
40840,-36.0,-57.0,-67.0,-30.0,-37.0,-10.0
40880,-66.0,42.0,7.0,-35.0,-46.0,13.0
40920,-48.0,10.0,-58.0,-38.0,-56.0,-3.0
40960,-42.0,-73.0,-124.0,-30.0,-37.0,-12.0
41000,-63.0,137.0,22.0,-39.0,-50.0,19.0
41040,-15.0,-95.0,-131.0,-31.0,-48.0,-8.0
41080,-45.0,11.0,-49.0,-33.0,-34.0,2.0
41120,-40.0,91.0,-39.0,-41.0,-45.0,19.0
41160,-16.0,-94.0,-143.0,-32.0,-29.0,-29.0
41200,-31.0,71.0,13.0,-37.0,-24.0,17.0
41240,-33.0,27.0,-51.0,-42.0,-41.0,6.0
41280,0.0,-48.0,-116.0,-33.0,-25.0,-7.0
41320,-25.0,55.0,11.0,-40.0,-29.0,22.0
41360,-19.0,28.0,-50.0,-40.0,-26.0,12.0
41400,-30.0,-78.0,-105.0,-33.0,-2.0,-4.0
41440,-60.0,155.0,33.0,-45.0,-8.0,37.0
41480,-27.0,-77.0,-113.0,-45.0,-10.0,-6.0
41520,-44.0,11.0,4.0,-51.0,-4.0,25.0
41560,-47.0,145.0,-2.0,-56.0,-23.0,22.0
41600,-12.0,-141.0,-124.0,-56.0,-11.0,-4.0
41640,-55.0,146.0,58.0,-55.0,-1.0,32.0
41680,-41.0,-1.0,-54.0,-62.0,-13.0,24.0
41720,-26.0,11.0,-91.0,-59.0,7.0,8.0
41760,-45.0,36.0,25.0,-65.0,-2.0,40.0
41800,-46.0,67.0,-23.0,-64.0,-9.0,24.0
41840,-29.0,-115.0,-75.0,-61.0,4.0,11.0
41880,-69.0,193.0,74.0,-70.0,-10.0,52.0
41920,-14.0,-126.0,-100.0,-65.0,-9.0,4.0
41960,-43.0,57.0,29.0,-65.0,-1.0,27.0
42000,-45.0,46.0,6.0,-67.0,-22.0,39.0
42040,-48.0,-58.0,-95.0,-59.0,-11.0,-2.0
42080,-63.0,30.0,23.0,-59.0,-11.0,38.0
42120,-74.0,63.0,-5.0,-63.0,-24.0,25.0
42160,-48.0,-84.0,-97.0,-57.0,-8.0,6.0
42200,-88.0,95.0,48.0,-58.0,-20.0,36.0
42240,-64.0,22.0,-55.0,-56.0,-30.0,12.0
42280,-62.0,-77.0,-67.0,-51.0,-15.0,-6.0
42320,-90.0,189.0,54.0,-59.0,-32.0,39.0
42360,-53.0,-84.0,-121.0,-53.0,-27.0,-20.0
42400,-61.0,67.0,-12.0,-50.0,-23.0,24.0
42440,-59.0,99.0,5.0,-52.0,-45.0,24.0
42480,-31.0,-44.0,-118.0,-47.0,-39.0,-2.0
42520,-51.0,72.0,15.0,-51.0,-41.0,32.0
42560,-43.0,87.0,-22.0,-53.0,-53.0,23.0
42600,-19.0,-86.0,-122.0,-45.0,-36.0,0.0
42640,-38.0,121.0,35.0,-52.0,-47.0,45.0
42680,-20.0,-22.0,-81.0,-47.0,-57.0,4.0
42720,-11.0,-34.0,-87.0,-44.0,-49.0,13.0
42760,-32.0,79.0,12.0,-49.0,-69.0,37.0
42800,1.0,-20.0,-101.0,-42.0,-63.0,-5.0
42840,-6.0,-99.0,-58.0,-36.0,-52.0,26.0
42880,-30.0,199.0,31.0,-40.0,-65.0,34.0
42920,11.0,-199.0,-175.0,-33.0,-56.0,-8.0
42960,-24.0,136.0,31.0,-37.0,-54.0,46.0
43000,-8.0,-22.0,-70.0,-38.0,-69.0,14.0
43040,6.0,-45.0,-113.0,-32.0,-48.0,4.0
43080,-20.0,66.0,13.0,-37.0,-52.0,26.0
43120,-13.0,31.0,-74.0,-37.0,-50.0,12.0
43160,6.0,-75.0,-94.0,-35.0,-35.0,6.0
43200,-25.0,143.0,39.0,-47.0,-53.0,46.0
43240,9.0,-51.0,-137.0,-47.0,-51.0,5.0
43280,1.0,-13.0,-30.0,-47.0,-44.0,24.0
43320,-20.0,132.0,8.0,-54.0,-57.0,44.0
43360,5.0,-130.0,-165.0,-49.0,-39.0,-9.0
43400,-32.0,86.0,24.0,-56.0,-31.0,33.0
43440,-32.0,25.0,-47.0,-58.0,-42.0,21.0
43480,-25.0,-79.0,-127.0,-52.0,-25.0,-7.0
43520,-59.0,87.0,51.0,-56.0,-35.0,37.0
43560,-61.0,-9.0,-69.0,-53.0,-35.0,-4.0
43600,-60.0,-58.0,-83.0,-43.0,-14.0,2.0
43640,-106.0,103.0,45.0,-49.0,-20.0,15.0
43680,-89.0,-62.0,-83.0,-46.0,-10.0,-24.0
43720,-108.0,-22.0,-51.0,-45.0,-1.0,-5.0
43760,-125.0,103.0,51.0,-54.0,-19.0,-1.0
43800,-102.0,-110.0,-115.0,-51.0,-8.0,-36.0
43840,-120.0,16.0,35.0,-54.0,-7.0,-5.0
43880,-142.0,66.0,-5.0,-57.0,-17.0,-6.0
43920,-105.0,-152.0,-99.0,-51.0,2.0,-40.0
43960,-144.0,101.0,71.0,-59.0,-8.0,12.0
44000,-122.0,-51.0,-62.0,-58.0,-16.0,-24.0
44040,-116.0,-96.0,-53.0,-53.0,-2.0,-27.0
44080,-143.0,81.0,75.0,-63.0,-16.0,7.0
44120,-127.0,-94.0,-93.0,-55.0,-11.0,-40.0
44160,-125.0,-32.0,4.0,-53.0,-3.0,-9.0
44200,-146.0,51.0,54.0,-60.0,-20.0,3.0
44240,-127.0,-96.0,-102.0,-53.0,-12.0,-50.0
44280,-143.0,8.0,29.0,-51.0,-10.0,-5.0
44320,-149.0,54.0,16.0,-53.0,-26.0,-10.0
44360,-120.0,-135.0,-105.0,-43.0,-9.0,-51.0
44400,-149.0,103.0,83.0,-50.0,-16.0,-3.0
44440,-133.0,-34.0,-74.0,-48.0,-22.0,-30.0
44480,-119.0,-56.0,-66.0,-42.0,-7.0,-29.0
44520,-146.0,84.0,61.0,-52.0,-25.0,0.0
44560,-106.0,-34.0,-101.0,-51.0,-30.0,-29.0
44600,-101.0,-65.0,-53.0,-48.0,-23.0,-10.0
44640,-112.0,162.0,51.0,-54.0,-40.0,11.0
44680,-61.0,-178.0,-160.0,-48.0,-32.0,-31.0
44720,-76.0,114.0,15.0,-53.0,-27.0,17.0
44760,-67.0,-16.0,-72.0,-56.0,-44.0,7.0
44800,-35.0,-54.0,-82.0,-51.0,-31.0,-7.0
44840,-52.0,37.0,11.0,-55.0,-39.0,28.0
44880,-35.0,26.0,-88.0,-53.0,-45.0,5.0
44920,0.0,-103.0,-96.0,-45.0,-27.0,3.0
44960,-9.0,162.0,79.0,-54.0,-44.0,48.0
45000,23.0,-118.0,-141.0,-50.0,-49.0,-2.0
45040,14.0,61.0,-12.0,-47.0,-31.0,26.0
45080,-5.0,19.0,-50.0,-50.0,-39.0,35.0
45120,24.0,-51.0,-102.0,-50.0,-24.0,-2.0
45160,0.0,-20.0,-45.0,-54.0,-26.0,30.0
45200,-4.0,83.0,-56.0,-62.0,-51.0,26.0
45240,30.0,-139.0,-160.0,-54.0,-39.0,-11.0
45280,-16.0,90.0,2.0,-56.0,-36.0,29.0
45320,1.0,-57.0,-106.0,-55.0,-34.0,-4.0
45360,5.0,-24.0,-117.0,-51.0,-16.0,14.0
45400,8.0,70.0,-24.0,-54.0,-34.0,30.0
45440,29.0,0.0,-117.0,-57.0,-36.0,5.0
45480,34.0,-62.0,-83.0,-48.0,-18.0,-3.0
45520,-1.0,154.0,1.0,-57.0,-29.0,32.0
45560,50.0,-112.0,-184.0,-52.0,-11.0,-12.0
45600,23.0,61.0,-15.0,-58.0,-9.0,22.0
45640,21.0,53.0,-37.0,-66.0,-26.0,10.0
45680,34.0,-69.0,-157.0,-57.0,-2.0,-20.0
45720,21.0,142.0,13.0,-62.0,1.0,35.0
45760,46.0,9.0,-96.0,-61.0,-9.0,6.0
45800,57.0,-46.0,-82.0,-58.0,3.0,5.0
45840,24.0,160.0,15.0,-66.0,-9.0,41.0
45880,43.0,-72.0,-154.0,-65.0,2.0,-10.0
45920,15.0,37.0,-32.0,-62.0,27.0,21.0
45960,-10.0,70.0,-30.0,-72.0,10.0,17.0
46000,15.0,-78.0,-130.0,-66.0,10.0,-15.0
46040,-10.0,21.0,-11.0,-68.0,1.0,19.0
46080,-15.0,63.0,-15.0,-70.0,-16.0,0.0
46120,1.0,-98.0,-127.0,-61.0,12.0,-19.0
46160,-39.0,92.0,20.0,-61.0,20.0,21.0
46200,-30.0,-6.0,-79.0,-60.0,14.0,0.0
46240,-28.0,-67.0,-82.0,-61.0,22.0,-1.0
46280,-57.0,122.0,-1.0,-66.0,-3.0,24.0
46320,-21.0,-75.0,-91.0,-60.0,-5.0,-16.0
46360,-46.0,-6.0,-42.0,-55.0,14.0,1.0
46400,-61.0,60.0,20.0,-60.0,2.0,7.0
46440,-54.0,-51.0,-140.0,-58.0,15.0,-19.0
46480,-46.0,3.0,-4.0,-60.0,8.0,11.0
46520,-51.0,105.0,-34.0,-65.0,-21.0,24.0
46560,-5.0,-129.0,-126.0,-55.0,-13.0,-21.0
46600,-49.0,130.0,16.0,-56.0,-17.0,33.0
46640,-16.0,-10.0,-93.0,-52.0,-17.0,-5.0
46680,-12.0,-51.0,-88.0,-46.0,7.0,-3.0
46720,-27.0,136.0,15.0,-53.0,-10.0,30.0
46760,12.0,-57.0,-142.0,-50.0,-15.0,-10.0
46800,19.0,21.0,-61.0,-48.0,-15.0,19.0
46840,17.0,69.0,-11.0,-48.0,-40.0,26.0
46880,34.0,-53.0,-137.0,-41.0,-27.0,-11.0
46920,24.0,36.0,-39.0,-37.0,-20.0,26.0
46960,11.0,68.0,-81.0,-39.0,-28.0,17.0
47000,54.0,-64.0,-139.0,-33.0,-10.0,-1.0
47040,19.0,54.0,-37.0,-40.0,-28.0,44.0
47080,48.0,71.0,-83.0,-38.0,-45.0,15.0
47120,51.0,-147.0,-175.0,-32.0,-34.0,8.0
47160,26.0,198.0,51.0,-38.0,-41.0,43.0
47200,41.0,-125.0,-195.0,-33.0,-33.0,-4.0
47240,35.0,66.0,-56.0,-31.0,-18.0,27.0
47280,24.0,53.0,-56.0,-39.0,-42.0,38.0
47320,53.0,-35.0,-141.0,-39.0,-36.0,6.0
47360,38.0,13.0,-56.0,-39.0,-38.0,47.0
47400,28.0,98.0,-34.0,-47.0,-46.0,39.0
47440,64.0,-98.0,-139.0,-37.0,-21.0,14.0
47480,25.0,86.0,15.0,-50.0,-28.0,57.0
47520,48.0,84.0,-76.0,-51.0,-36.0,27.0
47560,61.0,-132.0,-135.0,-47.0,-22.0,25.0
47600,34.0,223.0,82.0,-55.0,-34.0,59.0
47640,43.0,-148.0,-164.0,-53.0,-29.0,6.0
47680,16.0,92.0,-7.0,-51.0,-9.0,40.0
47720,-2.0,28.0,-17.0,-58.0,-22.0,36.0
47760,13.0,-25.0,-94.0,-54.0,-8.0,1.0
47800,-8.0,3.0,-9.0,-58.0,-7.0,22.0
47840,-40.0,85.0,-1.0,-62.0,-23.0,19.0
47880,-29.0,-98.0,-115.0,-54.0,-5.0,-18.0
47920,-72.0,65.0,70.0,-61.0,-8.0,19.0
47960,-81.0,39.0,-45.0,-60.0,-7.0,-11.0
48000,-66.0,-116.0,-80.0,-57.0,10.0,-14.0
48040,-110.0,163.0,84.0,-63.0,-7.0,16.0
48080,-85.0,-129.0,-85.0,-64.0,-10.0,-25.0
48120,-111.0,43.0,21.0,-64.0,0.0,-15.0
48160,-120.0,13.0,32.0,-70.0,-16.0,8.0
48200,-104.0,-40.0,-49.0,-66.0,0.0,-42.0
48240,-107.0,-58.0,35.0,-69.0,2.0,-8.0
48280,-131.0,116.0,52.0,-73.0,-18.0,-13.0
48320,-94.0,-178.0,-112.0,-63.0,-4.0,-46.0
48360,-130.0,120.0,112.0,-65.0,-10.0,-7.0
48400,-117.0,-78.0,-57.0,-65.0,-17.0,-33.0
48440,-112.0,-36.0,-34.0,-55.0,2.0,-45.0
48480,-127.0,33.0,66.0,-61.0,-11.0,-2.0
48520,-117.0,-47.0,-55.0,-56.0,-12.0,-59.0
48560,-111.0,-68.0,-29.0,-47.0,-2.0,-34.0
48600,-131.0,79.0,60.0,-54.0,-23.0,-18.0
48640,-98.0,-149.0,-80.0,-44.0,-16.0,-61.0
48680,-125.0,17.0,47.0,-45.0,-11.0,-25.0
48720,-125.0,35.0,-5.0,-47.0,-28.0,-27.0
48760,-92.0,-122.0,-93.0,-38.0,-11.0,-50.0
48800,-100.0,37.0,69.0,-41.0,-23.0,-3.0
48840,-96.0,-24.0,-48.0,-45.0,-40.0,-34.0
48880,-63.0,-93.0,-55.0,-41.0,-23.0,-31.0
48920,-92.0,90.0,45.0,-45.0,-30.0,-1.0
48960,-43.0,-99.0,-84.0,-41.0,-27.0,-29.0
49000,-43.0,-43.0,1.0,-35.0,-14.0,-14.0
49040,-45.0,69.0,43.0,-45.0,-38.0,13.0
49080,-5.0,-66.0,-95.0,-40.0,-38.0,-27.0
49120,-3.0,18.0,16.0,-36.0,-33.0,15.0
49160,-9.0,21.0,10.0,-37.0,-42.0,9.0
49200,3.0,-85.0,-106.0,-29.0,-16.0,-21.0
49240,-27.0,61.0,4.0,-37.0,-17.0,19.0
49280,1.0,16.0,-45.0,-47.0,-32.0,6.0
49320,9.0,-100.0,-109.0,-40.0,-25.0,-14.0
49360,-1.0,89.0,37.0,-46.0,-39.0,15.0
49400,14.0,-46.0,-102.0,-39.0,-37.0,-10.0
49440,6.0,-56.0,-63.0,-34.0,-19.0,3.0
49480,-23.0,94.0,51.0,-48.0,-33.0,21.0
49520,11.0,-125.0,-159.0,-43.0,-27.0,-8.0
49560,3.0,4.0,9.0,-41.0,-19.0,18.0
49600,-4.0,63.0,9.0,-45.0,-36.0,18.0
49640,15.0,-145.0,-108.0,-39.0,-20.0,-24.0
49680,-26.0,105.0,60.0,-43.0,-22.0,37.0
49720,-15.0,-69.0,-62.0,-40.0,-25.0,-12.0
49760,-1.0,-23.0,-30.0,-40.0,-2.0,-2.0
49800,-11.0,104.0,39.0,-49.0,-16.0,33.0
49840,20.0,-24.0,-96.0,-44.0,-22.0,1.0
49880,12.0,-37.0,-15.0,-41.0,-9.0,7.0
49920,-21.0,107.0,19.0,-47.0,-24.0,28.0
49960,-5.0,-89.0,-131.0,-45.0,-1.0,-20.0
50000,-78.0,-53.0,-47.0,-50.0,-10.0,-36.0
50040,-81.0,-57.0,-14.0,-47.0,12.0,-23.0
50080,-99.0,98.0,41.0,-58.0,-9.0,12.0
50120,-67.0,-86.0,-91.0,-57.0,-14.0,-36.0
50160,-85.0,-10.0,1.0,-53.0,-23.0,-2.0
50200,-91.0,50.0,16.0,-52.0,-41.0,-9.0
50240,-76.0,-116.0,-118.0,-47.0,-9.0,-41.0
50280,-88.0,25.0,33.0,-50.0,-5.0,-4.0
50320,-69.0,2.0,-39.0,-49.0,-19.0,-24.0
50360,-35.0,-129.0,-86.0,-41.0,-18.0,-35.0
50400,-49.0,78.0,49.0,-45.0,-40.0,1.0
50440,-16.0,-93.0,-78.0,-39.0,-38.0,-48.0
50480,-4.0,-74.0,-15.0,-28.0,-17.0,-31.0
50520,-29.0,54.0,17.0,-28.0,-31.0,-5.0
50560,11.0,-88.0,-104.0,-23.0,-19.0,-53.0
50600,5.0,-41.0,-29.0,-23.0,-19.0,-18.0
50640,19.0,51.0,13.0,-27.0,-42.0,-11.0
50680,37.0,-123.0,-149.0,-18.0,-28.0,-47.0
50720,32.0,47.0,21.0,-23.0,-31.0,1.0
50760,32.0,-31.0,-59.0,-24.0,-36.0,-24.0
50800,55.0,-74.0,-98.0,-19.0,-10.0,-31.0
50840,31.0,51.0,-11.0,-27.0,-24.0,10.0
50880,47.0,7.0,-100.0,-26.0,-30.0,-26.0
50920,59.0,-99.0,-105.0,-21.0,-24.0,-12.0
50960,34.0,125.0,16.0,-32.0,-41.0,14.0
51000,62.0,-130.0,-153.0,-27.0,-24.0,-42.0
51040,37.0,27.0,-12.0,-28.0,-8.0,-2.0
51080,37.0,55.0,-27.0,-31.0,-23.0,-6.0
51120,60.0,-93.0,-140.0,-25.0,-14.0,-35.0
51160,53.0,49.0,23.0,-29.0,-26.0,4.0
51200,47.0,27.0,-56.0,-30.0,-35.0,-18.0
51240,56.0,-117.0,-109.0,-20.0,-7.0,-33.0
51280,8.0,117.0,37.0,-26.0,-7.0,7.0
51320,31.0,-75.0,-87.0,-28.0,-1.0,-33.0
51360,26.0,-13.0,-47.0,-27.0,10.0,-14.0
51400,9.0,50.0,25.0,-37.0,-13.0,3.0
51440,10.0,-38.0,-88.0,-33.0,-4.0,-37.0
51480,-6.0,-51.0,-2.0,-32.0,10.0,-7.0
51520,-45.0,109.0,48.0,-42.0,1.0,2.0
51560,-29.0,-145.0,-116.0,-37.0,20.0,-38.0
51600,-62.0,89.0,69.0,-44.0,16.0,10.0
51640,-64.0,-25.0,-29.0,-48.0,-2.0,-17.0
51680,-57.0,-47.0,-36.0,-43.0,10.0,-25.0
51720,-92.0,25.0,68.0,-49.0,0.0,8.0
51760,-98.0,11.0,-4.0,-49.0,0.0,-26.0
51800,-98.0,-124.0,-38.0,-42.0,17.0,-19.0
51840,-132.0,142.0,124.0,-51.0,1.0,11.0
51880,-106.0,-141.0,-91.0,-45.0,3.0,-40.0
51920,-114.0,39.0,70.0,-43.0,4.0,-4.0
51960,-126.0,23.0,40.0,-43.0,-19.0,-1.0
52000,-112.0,-103.0,-49.0,-36.0,-2.0,-39.0
52040,-141.0,42.0,90.0,-38.0,2.0,2.0
52080,-137.0,4.0,15.0,-40.0,-4.0,-9.0
52120,-110.0,-76.0,-60.0,-30.0,11.0,-23.0
52160,-127.0,47.0,103.0,-40.0,-8.0,13.0
52200,-112.0,-5.0,-20.0,-35.0,-20.0,-20.0
52240,-98.0,-97.0,-25.0,-28.0,-5.0,-19.0
52280,-124.0,135.0,106.0,-34.0,-14.0,21.0
52320,-93.0,-138.0,-68.0,-28.0,-5.0,-36.0
52360,-96.0,61.0,50.0,-29.0,4.0,13.0
52400,-84.0,33.0,17.0,-35.0,-24.0,10.0
52440,-58.0,-175.0,-96.0,-26.0,-16.0,-19.0
52480,-103.0,113.0,42.0,-27.0,-18.0,8.0
52520,-69.0,-93.0,47.0,-31.0,-27.0,-20.0
52560,-41.0,96.0,-6.0,-18.0,-3.0,-14.0
52600,-58.0,-151.0,-121.0,-15.0,-14.0,9.0
52640,-21.0,175.0,143.0,-13.0,-27.0,-2.0
52680,13.0,-256.0,-125.0,0.0,-19.0,-1.0
52720,-32.0,247.0,55.0,-18.0,-30.0,28.0
52760,23.0,-118.0,-87.0,-14.0,-16.0,-32.0
52800,29.0,-30.0,-12.0,-2.0,8.0,19.0
52840,32.0,25.0,-27.0,-7.0,-13.0,18.0
52880,33.0,-79.0,-102.0,-7.0,-5.0,-60.0
52920,47.0,14.0,40.0,-15.0,-9.0,16.0
52960,52.0,84.0,-52.0,-20.0,-27.0,22.0
53000,80.0,-172.0,-151.0,-1.0,-3.0,-63.0
53040,69.0,140.0,126.0,-12.0,-8.0,21.0
53080,93.0,-77.0,-205.0,2.0,-4.0,-4.0
53120,90.0,-11.0,-52.0,1.0,15.0,-28.0
53160,68.0,95.0,32.0,-18.0,-3.0,12.0
53200,93.0,-162.0,-179.0,-5.0,-4.0,-47.0
53240,66.0,118.0,-9.0,1.0,10.0,-5.0
53280,75.0,-34.0,-102.0,-10.0,3.0,-1.0
53320,108.0,-29.0,-74.0,-6.0,16.0,-44.0
53360,57.0,27.0,-5.0,-5.0,13.0,5.0
53400,64.0,43.0,-90.0,-5.0,2.0,-14.0
53440,73.0,-56.0,-132.0,-7.0,28.0,-15.0
53480,67.0,106.0,34.0,-15.0,28.0,4.0
53520,76.0,-79.0,-84.0,-11.0,18.0,-7.0
53560,68.0,8.0,-60.0,-13.0,33.0,2.0
53600,52.0,66.0,10.0,-24.0,20.0,7.0
53640,81.0,-75.0,-71.0,-25.0,30.0,-2.0
53680,66.0,6.0,-27.0,-23.0,44.0,1.0
53720,59.0,60.0,6.0,-35.0,25.0,6.0
53760,65.0,-106.0,-89.0,-29.0,34.0,-10.0
53800,31.0,44.0,15.0,-31.0,35.0,24.0
53840,39.0,36.0,-22.0,-41.0,25.0,-10.0
53880,49.0,-104.0,-94.0,-35.0,48.0,-26.0
53920,17.0,100.0,42.0,-30.0,38.0,37.0
53960,30.0,-69.0,-36.0,-37.0,35.0,-32.0
54000,16.0,-29.0,-15.0,-44.0,46.0,-20.0
54040,-8.0,57.0,-5.0,-42.0,27.0,26.0
54080,14.0,-39.0,-49.0,-36.0,32.0,-36.0
54120,5.0,-73.0,27.0,-34.0,35.0,0.0
54160,-37.0,118.0,29.0,-36.0,12.0,9.0
54200,-10.0,-139.0,-76.0,-34.0,32.0,-48.0
54240,-44.0,80.0,78.0,-35.0,29.0,25.0
54280,-23.0,-21.0,8.0,-37.0,8.0,-2.0
54320,-22.0,-37.0,-39.0,-32.0,21.0,-36.0
54360,-14.0,22.0,66.0,-41.0,3.0,36.0
54400,-17.0,-35.0,-7.0,-38.0,2.0,-22.0
54440,-13.0,-70.0,-14.0,-29.0,23.0,-28.0
54480,-28.0,74.0,60.0,-37.0,7.0,13.0
54520,15.0,-80.0,-79.0,-27.0,8.0,-33.0
54560,18.0,-61.0,25.0,-24.0,8.0,-8.0
54600,6.0,72.0,65.0,-34.0,-17.0,-3.0
54640,47.0,-147.0,-108.0,-20.0,-4.0,-44.0
54680,39.0,79.0,35.0,-18.0,1.0,8.0
54720,85.0,-63.0,-18.0,-20.0,-6.0,-25.0
54760,105.0,-62.0,-64.0,-12.0,10.0,-31.0
54800,85.0,35.0,14.0,-14.0,-5.0,-8.0
54840,100.0,-9.0,-67.0,-11.0,-8.0,-37.0
54880,124.0,-112.0,-48.0,1.0,7.0,-20.0
54920,101.0,120.0,38.0,-8.0,-11.0,-10.0
54960,145.0,-130.0,-103.0,-4.0,-7.0,-40.0
55000,129.0,9.0,4.0,-3.0,1.0,-7.0
55040,127.0,35.0,27.0,-10.0,-14.0,-13.0
55080,137.0,-96.0,-101.0,-5.0,3.0,-41.0
55120,131.0,34.0,23.0,-10.0,0.0,-1.0
55160,131.0,9.0,-15.0,-7.0,-11.0,-26.0
55200,143.0,-93.0,-80.0,-6.0,6.0,-40.0
55240,113.0,52.0,47.0,-16.0,1.0,9.0
55280,109.0,-26.0,-55.0,-15.0,3.0,-47.0
55320,127.0,-88.0,-28.0,-13.0,19.0,-26.0
55360,94.0,82.0,50.0,-14.0,-2.0,-1.0
55400,124.0,-104.0,-109.0,-12.0,4.0,-53.0
55440,113.0,-15.0,7.0,-14.0,19.0,-22.0
55480,105.0,32.0,67.0,-15.0,8.0,-12.0
55520,111.0,-99.0,-90.0,-11.0,28.0,-56.0
55560,82.0,15.0,57.0,-11.0,28.0,-4.0
55600,70.0,10.0,39.0,-13.0,13.0,-30.0
55640,81.0,-102.0,-36.0,-7.0,33.0,-47.0
55680,49.0,58.0,107.0,-13.0,24.0,2.0
55720,45.0,-41.0,-5.0,-15.0,20.0,-43.0
55760,48.0,-71.0,-9.0,-12.0,40.0,-31.0
55800,5.0,52.0,117.0,-23.0,25.0,-7.0
55840,13.0,-63.0,-10.0,-20.0,33.0,-50.0
55880,-14.0,-22.0,24.0,-20.0,39.0,-6.0
55920,-21.0,61.0,104.0,-26.0,22.0,-7.0
55960,-19.0,-120.0,-30.0,-22.0,30.0,-47.0
56000,-47.0,48.0,111.0,-26.0,29.0,9.0
56040,-64.0,-6.0,22.0,-23.0,15.0,-24.0
56080,-39.0,-97.0,-1.0,-15.0,32.0,-32.0
56120,-59.0,30.0,115.0,-20.0,19.0,1.0
56160,-50.0,-15.0,3.0,-21.0,13.0,-36.0
56200,-27.0,-89.0,-1.0,-10.0,26.0,-19.0
56240,-57.0,71.0,122.0,-10.0,9.0,-2.0
56280,-39.0,-132.0,-23.0,-6.0,16.0,-40.0
56320,-53.0,26.0,75.0,-3.0,24.0,-13.0
56360,-45.0,4.0,65.0,-2.0,2.0,6.0
56400,-24.0,-69.0,-6.0,3.0,9.0,-41.0
56440,-24.0,-14.0,92.0,5.0,7.0,-1.0
56480,-28.0,29.0,42.0,0.0,-8.0,1.0
56520,1.0,-115.0,-29.0,5.0,13.0,-31.0
56560,-21.0,54.0,129.0,-2.0,7.0,19.0
56600,-5.0,-78.0,-27.0,-5.0,-1.0,-22.0
56640,0.0,-25.0,-17.0,2.0,7.0,-9.0
56680,12.0,6.0,156.0,-5.0,-13.0,23.0
56720,8.0,27.0,-74.0,2.0,-16.0,-22.0
56760,31.0,-174.0,-6.0,5.0,-4.0,-4.0
56800,-1.0,234.0,143.0,4.0,-15.0,28.0
56840,64.0,-286.0,-175.0,14.0,-1.0,-32.0
56880,51.0,218.0,179.0,7.0,-1.0,34.0
56920,79.0,-83.0,-66.0,8.0,-24.0,1.0
56960,106.0,-60.0,-32.0,17.0,-2.0,-14.0
57000,80.0,100.0,75.0,16.0,-4.0,19.0
57040,90.0,-109.0,-61.0,19.0,-5.0,-21.0
57080,96.0,47.0,6.0,21.0,14.0,14.0
57120,94.0,9.0,-1.0,16.0,-5.0,9.0
57160,117.0,-20.0,-47.0,17.0,-1.0,-27.0
57200,124.0,-3.0,6.0,21.0,14.0,10.0
57240,121.0,98.0,-45.0,22.0,3.0,18.0
57280,162.0,-95.0,-88.0,19.0,12.0,-14.0
57320,127.0,39.0,11.0,15.0,15.0,12.0
57360,113.0,-1.0,-11.0,11.0,6.0,0.0
57400,111.0,0.0,-94.0,13.0,33.0,-25.0
57440,108.0,18.0,-3.0,11.0,27.0,13.0
57480,113.0,32.0,-21.0,13.0,11.0,-6.0
57520,122.0,-113.0,-49.0,17.0,22.0,-17.0
57560,66.0,147.0,54.0,14.0,13.0,22.0
57600,85.0,-63.0,-92.0,11.0,36.0,-33.0
57640,88.0,23.0,13.0,16.0,58.0,7.0
57680,79.0,35.0,28.0,7.0,29.0,39.0
57720,84.0,-59.0,-61.0,6.0,30.0,-32.0
57760,58.0,24.0,30.0,7.0,27.0,8.0
57800,47.0,42.0,-12.0,4.0,26.0,17.0
57840,53.0,-106.0,-52.0,10.0,64.0,-47.0
57880,22.0,70.0,83.0,-3.0,61.0,28.0
57920,39.0,2.0,-53.0,-8.0,42.0,-18.0
57960,43.0,-67.0,-45.0,0.0,47.0,-1.0
58000,22.0,125.0,108.0,-14.0,31.0,13.0
58040,30.0,-116.0,-70.0,-4.0,41.0,-33.0
58080,1.0,50.0,30.0,-1.0,62.0,15.0
58120,-19.0,17.0,31.0,-10.0,54.0,-1.0
58160,8.0,-24.0,-19.0,-10.0,62.0,-27.0
58200,-9.0,-10.0,27.0,-14.0,51.0,15.0
58240,-12.0,114.0,46.0,-12.0,27.0,6.0
58280,8.0,-160.0,-56.0,-4.0,38.0,-17.0
58320,-43.0,139.0,141.0,-13.0,33.0,20.0
58360,-38.0,-69.0,-26.0,-9.0,33.0,-2.0
58400,-39.0,15.0,-1.0,-4.0,58.0,7.0
58440,-42.0,56.0,92.0,-7.0,34.0,27.0
58480,-38.0,-34.0,-15.0,-6.0,25.0,-10.0
58520,-42.0,-27.0,15.0,-1.0,25.0,16.0
58560,-57.0,86.0,75.0,-6.0,2.0,20.0
58600,-27.0,-97.0,-31.0,3.0,21.0,-23.0
58640,-37.0,28.0,84.0,0.0,23.0,22.0
58680,-19.0,69.0,5.0,0.0,7.0,16.0
58720,18.0,-114.0,-50.0,7.0,17.0,-14.0
58760,-14.0,80.0,110.0,3.0,1.0,29.0
58800,10.0,-11.0,-14.0,9.0,-7.0,-13.0
58840,26.0,-41.0,-55.0,15.0,11.0,-1.0
58880,37.0,87.0,90.0,11.0,-4.0,27.0
58920,72.0,-52.0,-40.0,16.0,-2.0,-23.0
58960,85.0,4.0,-8.0,15.0,0.0,15.0
59000,74.0,95.0,35.0,12.0,-20.0,11.0
59040,96.0,-78.0,-86.0,20.0,0.0,-22.0
59080,96.0,22.0,33.0,19.0,-1.0,9.0
59120,95.0,92.0,0.0,19.0,-18.0,21.0
59160,128.0,-104.0,-112.0,27.0,0.0,-31.0
59200,99.0,124.0,61.0,22.0,-15.0,30.0
59240,114.0,-19.0,-67.0,25.0,-18.0,-10.0
59280,110.0,-41.0,-58.0,29.0,3.0,-13.0
59320,85.0,96.0,48.0,23.0,-13.0,25.0
59360,102.0,-44.0,-89.0,26.0,-9.0,-26.0
59400,104.0,-29.0,-12.0,29.0,2.0,7.0
59440,70.0,98.0,30.0,22.0,-14.0,12.0
59480,98.0,-116.0,-74.0,30.0,2.0,-38.0
59520,65.0,44.0,44.0,29.0,2.0,20.0
59560,55.0,19.0,16.0,23.0,-6.0,-7.0
59600,65.0,-79.0,-49.0,27.0,16.0,-31.0
59640,49.0,42.0,83.0,21.0,8.0,20.0
59680,44.0,-8.0,1.0,20.0,3.0,-17.0
59720,50.0,-64.0,-23.0,24.0,21.0,-29.0
59760,15.0,79.0,88.0,11.0,8.0,6.0
59800,16.0,-61.0,-30.0,17.0,19.0,-39.0
59840,3.0,-48.0,43.0,18.0,34.0,-12.0
59880,-25.0,104.0,85.0,6.0,16.0,-1.0
59920,0.0,-109.0,-59.0,10.0,26.0,-43.0
59960,-29.0,21.0,96.0,10.0,23.0,-1.0
60000,-45.0,31.0,73.0,6.0,9.0,-16.0
60040,-38.0,-89.0,-42.0,11.0,30.0,-43.0
60080,-69.0,38.0,114.0,6.0,20.0,5.0
60120,-76.0,12.0,40.0,5.0,14.0,-25.0
60160,-66.0,-126.0,3.0,11.0,27.0,-31.0
60200,-101.0,120.0,167.0,5.0,9.0,9.0
60240,-87.0,-122.0,-19.0,12.0,10.0,-38.0
60280,-94.0,-6.0,89.0,15.0,21.0,-16.0
60320,-117.0,23.0,129.0,9.0,3.0,0.0
60360,-93.0,-86.0,-1.0,18.0,16.0,-41.0
60400,-97.0,-31.0,104.0,19.0,16.0,-3.0
60440,-104.0,52.0,122.0,14.0,-2.0,-10.0
60480,-85.0,-173.0,-8.0,24.0,13.0,-41.0
60520,-111.0,75.0,179.0,20.0,4.0,8.0
60560,-93.0,-76.0,56.0,24.0,-6.0,-29.0
60600,-83.0,-82.0,44.0,26.0,12.0,-28.0
60640,-100.0,43.0,134.0,21.0,-9.0,3.0
60680,-62.0,-81.0,27.0,26.0,-11.0,-35.0
60720,-45.0,-75.0,66.0,31.0,-5.0,-18.0
60760,-58.0,70.0,123.0,24.0,-23.0,-4.0
60800,-25.0,-128.0,-28.0,32.0,-9.0,-46.0
60840,-35.0,-4.0,105.0,31.0,-5.0,-7.0
60880,-36.0,32.0,67.0,29.0,-22.0,-11.0
60920,10.0,-105.0,-30.0,37.0,-8.0,-43.0
60960,5.0,51.0,95.0,33.0,-16.0,10.0
61000,18.0,-35.0,8.0,34.0,-27.0,-26.0
61040,39.0,-51.0,-9.0,41.0,-6.0,-34.0
61080,37.0,52.0,81.0,35.0,-19.0,14.0
61120,70.0,-15.0,-34.0,39.0,-16.0,-27.0
61160,82.0,-88.0,2.0,42.0,1.0,-22.0
61200,56.0,130.0,82.0,36.0,-14.0,12.0
61240,92.0,-120.0,-77.0,40.0,-4.0,-31.0
61280,69.0,54.0,81.0,40.0,3.0,2.0
61320,89.0,42.0,61.0,34.0,-12.0,3.0
61360,124.0,-69.0,-63.0,43.0,5.0,-22.0
61400,121.0,75.0,70.0,40.0,3.0,27.0
61440,126.0,0.0,3.0,37.0,-2.0,8.0
61480,128.0,-62.0,-14.0,38.0,19.0,-7.0
61520,68.0,71.0,77.0,25.0,14.0,24.0
61560,82.0,14.0,-25.0,26.0,22.0,-19.0
61600,103.0,-34.0,-9.0,32.0,31.0,11.0
61640,106.0,141.0,95.0,24.0,4.0,41.0
61680,146.0,-87.0,-30.0,30.0,6.0,-12.0
61720,116.0,67.0,80.0,26.0,25.0,33.0
61760,97.0,69.0,29.0,23.0,28.0,35.0
61800,122.0,-80.0,-55.0,24.0,55.0,9.0
61840,104.0,62.0,63.0,13.0,44.0,54.0
61880,127.0,29.0,-11.0,11.0,17.0,23.0
61920,134.0,-69.0,-62.0,19.0,32.0,8.0
61960,99.0,110.0,86.0,11.0,28.0,28.0
62000,112.0,-58.0,-21.0,13.0,44.0,4.0
62040,108.0,-22.0,20.0,18.0,66.0,18.0
62080,103.0,115.0,80.0,9.0,42.0,49.0
62120,143.0,-61.0,-39.0,16.0,44.0,-1.0
62160,115.0,32.0,68.0,17.0,47.0,35.0
62200,100.0,86.0,64.0,17.0,39.0,31.0
62240,102.0,-111.0,-26.0,22.0,66.0,-15.0
62280,54.0,99.0,145.0,10.0,64.0,33.0
62320,68.0,38.0,45.0,9.0,53.0,6.0
62360,90.0,-35.0,1.0,12.0,65.0,0.0
62400,66.0,106.0,143.0,5.0,44.0,44.0
62440,67.0,10.0,11.0,12.0,37.0,0.0
62480,48.0,-54.0,13.0,15.0,50.0,18.0
62520,15.0,184.0,102.0,6.0,38.0,37.0
62560,57.0,-124.0,-70.0,14.0,59.0,-15.0
62600,34.0,98.0,81.0,12.0,65.0,26.0
62640,32.0,35.0,29.0,8.0,32.0,18.0
62680,41.0,-52.0,-38.0,17.0,38.0,-22.0
62720,20.0,50.0,84.0,16.0,25.0,23.0
62760,41.0,48.0,37.0,22.0,22.0,-1.0
62800,74.0,-83.0,-26.0,33.0,48.0,-6.0
62840,59.0,132.0,109.0,30.0,30.0,39.0
62880,90.0,-35.0,-20.0,40.0,27.0,0.0
62920,76.0,-49.0,23.0,40.0,35.0,15.0
62960,62.0,141.0,118.0,33.0,19.0,33.0
63000,101.0,-110.0,-52.0,38.0,32.0,-5.0
63040,101.0,31.0,81.0,36.0,33.0,31.0
63080,99.0,51.0,60.0,31.0,15.0,25.0
63120,132.0,-89.0,-61.0,35.0,33.0,-11.0
63160,108.0,63.0,74.0,33.0,22.0,44.0
63200,113.0,54.0,-12.0,34.0,10.0,14.0
63240,139.0,-97.0,-70.0,39.0,29.0,13.0
63280,119.0,153.0,84.0,34.0,10.0,56.0
63320,149.0,-47.0,-64.0,42.0,17.0,5.0
63360,143.0,-17.0,-3.0,42.0,33.0,21.0
63400,120.0,144.0,63.0,38.0,14.0,46.0
63440,150.0,-78.0,-91.0,48.0,21.0,-2.0
63480,129.0,59.0,35.0,45.0,19.0,35.0
63520,122.0,104.0,16.0,45.0,6.0,33.0
63560,140.0,-69.0,-94.0,57.0,33.0,2.0
63600,104.0,98.0,64.0,52.0,29.0,49.0
63640,100.0,61.0,-9.0,47.0,23.0,27.0
63680,109.0,-70.0,-60.0,50.0,39.0,10.0
63720,70.0,146.0,87.0,41.0,20.0,51.0
63760,88.0,-23.0,-42.0,44.0,25.0,9.0
63800,78.0,-18.0,6.0,45.0,38.0,23.0
63840,51.0,128.0,101.0,35.0,26.0,44.0
63880,63.0,-41.0,-51.0,40.0,39.0,1.0
63920,43.0,36.0,41.0,39.0,47.0,36.0
63960,28.0,122.0,100.0,31.0,32.0,36.0
64000,45.0,-83.0,-35.0,37.0,47.0,8.0
64040,26.0,111.0,131.0,27.0,34.0,57.0
64080,26.0,50.0,37.0,25.0,26.0,34.0
64120,44.0,-76.0,14.0,34.0,50.0,11.0
64160,1.0,139.0,161.0,27.0,40.0,61.0
64200,13.0,-18.0,-16.0,33.0,44.0,13.0
64240,15.0,-35.0,46.0,34.0,49.0,33.0
64280,-9.0,141.0,145.0,25.0,23.0,58.0
64320,27.0,-88.0,-25.0,35.0,28.0,7.0
64360,-2.0,34.0,108.0,38.0,33.0,45.0
64400,-17.0,87.0,104.0,36.0,26.0,40.0
64440,9.0,-91.0,-6.0,44.0,42.0,7.0
64480,-17.0,93.0,136.0,38.0,34.0,42.0
64520,-15.0,33.0,52.0,40.0,19.0,21.0
64560,3.0,-60.0,3.0,47.0,30.0,6.0
64600,-23.0,116.0,150.0,42.0,16.0,40.0
64640,-12.0,-19.0,18.0,42.0,16.0,2.0
64680,-8.0,-19.0,51.0,46.0,32.0,7.0
64720,-30.0,120.0,133.0,38.0,15.0,38.0
64760,7.0,-49.0,-31.0,41.0,19.0,-16.0
64800,-7.0,2.0,62.0,39.0,18.0,14.0
64840,-3.0,127.0,106.0,37.0,-4.0,24.0
64880,28.0,-141.0,-73.0,48.0,9.0,-25.0
64920,1.0,107.0,124.0,43.0,10.0,15.0
64960,13.0,20.0,5.0,46.0,1.0,-6.0
65000,37.0,-94.0,-31.0,55.0,17.0,-18.0
65040,14.0,126.0,125.0,51.0,-5.0,22.0
65080,42.0,-62.0,-39.0,53.0,-15.0,-22.0
65120,55.0,-14.0,15.0,62.0,0.0,-9.0
65160,46.0,83.0,87.0,59.0,-11.0,23.0
65200,79.0,-81.0,-45.0,66.0,7.0,-36.0
65240,66.0,-5.0,58.0,61.0,16.0,4.0
65280,59.0,121.0,51.0,56.0,-1.0,16.0
65320,102.0,-123.0,-62.0,65.0,9.0,-24.0
65360,76.0,81.0,135.0,57.0,1.0,24.0
65400,81.0,21.0,9.0,57.0,-12.0,9.0
65440,93.0,-79.0,-70.0,62.0,13.0,-3.0
65480,95.0,146.0,121.0,51.0,9.0,35.0
65520,130.0,-55.0,-54.0,51.0,7.0,7.0
65560,134.0,-22.0,20.0,52.0,25.0,7.0
65600,72.0,88.0,46.0,48.0,4.0,39.0
65640,96.0,-70.0,-60.0,52.0,17.0,-13.0
65680,79.0,26.0,50.0,53.0,26.0,26.0
65720,101.0,126.0,63.0,43.0,4.0,40.0
65760,134.0,-142.0,-37.0,50.0,22.0,-2.0
65800,89.0,160.0,109.0,51.0,24.0,41.0
65840,92.0,-44.0,-15.0,54.0,21.0,22.0
65880,86.0,21.0,40.0,51.0,49.0,14.0
65920,74.0,57.0,93.0,39.0,35.0,50.0
65960,86.0,40.0,12.0,34.0,27.0,27.0
66000,93.0,-61.0,13.0,42.0,41.0,17.0
66040,35.0,127.0,148.0,31.0,28.0,52.0
66080,51.0,-33.0,29.0,32.0,48.0,3.0
66120,18.0,15.0,66.0,31.0,60.0,36.0
66160,28.0,165.0,132.0,20.0,38.0,57.0
66200,52.0,-120.0,-42.0,26.0,42.0,7.0
66240,28.0,134.0,124.0,22.0,35.0,66.0
66280,34.0,25.0,-5.0,22.0,27.0,29.0
66320,52.0,-48.0,-37.0,28.0,54.0,14.0
66360,23.0,74.0,103.0,21.0,42.0,52.0
66400,53.0,28.0,-10.0,22.0,33.0,17.0
66440,68.0,-119.0,-50.0,31.0,47.0,13.0
66480,43.0,213.0,125.0,28.0,24.0,43.0
66520,84.0,-161.0,-93.0,44.0,30.0,-7.0
66560,63.0,92.0,106.0,48.0,34.0,32.0
66600,65.0,48.0,51.0,45.0,18.0,33.0
66640,91.0,-55.0,-5.0,52.0,44.0,-14.0
66680,53.0,62.0,134.0,51.0,42.0,35.0
66720,47.0,91.0,86.0,48.0,29.0,10.0
66760,61.0,-113.0,14.0,54.0,36.0,7.0
66800,16.0,163.0,185.0,38.0,17.0,33.0
66840,43.0,-60.0,15.0,40.0,14.0,-6.0
66880,16.0,16.0,44.0,45.0,33.0,11.0
66920,2.0,83.0,102.0,39.0,18.0,26.0
66960,29.0,-30.0,8.0,39.0,22.0,-4.0
67000,12.0,-39.0,20.0,36.0,19.0,11.0
67040,-4.0,158.0,90.0,33.0,-4.0,23.0
67080,36.0,-157.0,-91.0,47.0,10.0,-24.0
67120,19.0,92.0,100.0,47.0,10.0,20.0
67160,40.0,12.0,0.0,52.0,-3.0,0.0
67200,71.0,-86.0,-58.0,61.0,12.0,-24.0
67240,61.0,96.0,84.0,63.0,-6.0,18.0
67280,99.0,8.0,-20.0,72.0,-6.0,-17.0
67320,115.0,-86.0,-18.0,78.0,13.0,-8.0
67360,97.0,186.0,150.0,73.0,-4.0,36.0
67400,132.0,-91.0,-79.0,82.0,8.0,-10.0
67440,127.0,43.0,92.0,75.0,17.0,25.0
67480,115.0,117.0,84.0,70.0,3.0,41.0
67520,147.0,-89.0,-51.0,70.0,22.0,-7.0
67560,109.0,90.0,99.0,59.0,15.0,50.0
67600,111.0,91.0,43.0,51.0,1.0,29.0
67640,124.0,-131.0,-37.0,52.0,20.0,11.0
67680,76.0,199.0,153.0,39.0,10.0,57.0
67720,94.0,-77.0,-39.0,42.0,15.0,20.0
67760,70.0,26.0,43.0,42.0,27.0,30.0
67800,44.0,87.0,96.0,37.0,5.0,55.0
67840,53.0,-47.0,-9.0,41.0,10.0,12.0
67880,32.0,-30.0,61.0,46.0,18.0,32.0
67920,-3.0,128.0,122.0,46.0,10.0,27.0
67960,30.0,-116.0,-29.0,57.0,34.0,0.0
68000,-8.0,55.0,156.0,54.0,31.0,26.0
68040,-8.0,57.0,99.0,53.0,17.0,29.0
68080,2.0,-110.0,10.0,56.0,34.0,-14.0
68120,-32.0,129.0,183.0,52.0,23.0,52.0
68160,-14.0,-12.0,54.0,55.0,30.0,-1.0
68200,-7.0,-64.0,72.0,55.0,47.0,19.0
68240,-40.0,154.0,181.0,43.0,32.0,41.0
68280,-11.0,-55.0,5.0,44.0,40.0,4.0
68320,-25.0,7.0,115.0,42.0,46.0,27.0
68360,-35.0,157.0,159.0,29.0,27.0,45.0
68400,1.0,-103.0,-12.0,34.0,38.0,8.0
68440,-21.0,101.0,171.0,27.0,31.0,44.0
68480,-24.0,79.0,91.0,27.0,20.0,37.0
68520,10.0,-90.0,27.0,37.0,40.0,5.0
68560,-38.0,147.0,189.0,34.0,30.0,50.0
68600,-16.0,-5.0,53.0,39.0,25.0,14.0
68640,-16.0,-44.0,65.0,49.0,32.0,11.0
68680,-35.0,143.0,196.0,47.0,14.0,45.0
68720,-15.0,-82.0,15.0,57.0,20.0,-9.0
68760,-21.0,30.0,126.0,59.0,30.0,18.0
68800,-37.0,80.0,136.0,57.0,15.0,26.0
68840,-7.0,-60.0,6.0,66.0,21.0,-4.0
68880,-27.0,12.0,133.0,63.0,20.0,13.0
68920,-23.0,137.0,118.0,58.0,10.0,26.0
68960,12.0,-169.0,-48.0,66.0,26.0,-15.0
69000,-19.0,196.0,193.0,56.0,19.0,45.0
69040,18.0,-71.0,-4.0,54.0,10.0,6.0
69080,34.0,-3.0,56.0,54.0,23.0,10.0
69120,18.0,96.0,118.0,47.0,5.0,48.0
69160,53.0,-22.0,-19.0,49.0,9.0,-2.0
69200,59.0,-64.0,68.0,53.0,18.0,27.0
69240,41.0,192.0,132.0,48.0,-1.0,37.0
69280,95.0,-171.0,-78.0,60.0,11.0,-3.0
69320,71.0,137.0,147.0,57.0,13.0,32.0
69360,81.0,-16.0,20.0,61.0,-3.0,26.0
69400,111.0,-11.0,19.0,71.0,10.0,-2.0
69440,87.0,52.0,118.0,70.0,2.0,36.0
69480,102.0,52.0,46.0,74.0,-4.0,11.0
69520,91.0,-124.0,-56.0,82.0,19.0,-5.0
69560,87.0,205.0,164.0,74.0,11.0,36.0
69600,126.0,-77.0,-118.0,79.0,12.0,2.0
69640,128.0,31.0,55.0,70.0,23.0,10.0
69680,73.0,103.0,74.0,64.0,6.0,36.0
69720,62.0,-136.0,-126.0,69.0,24.0,-24.0
69760,33.0,126.0,83.0,64.0,35.0,23.0
69800,55.0,71.0,21.0,58.0,18.0,29.0
69840,110.0,-89.0,-33.0,56.0,26.0,-1.0
69880,55.0,137.0,124.0,51.0,9.0,49.0
69920,65.0,-32.0,-31.0,62.0,12.0,9.0
69960,52.0,-22.0,52.0,60.0,45.0,16.0
70000,21.0,133.0,119.0,50.0,42.0,56.0
70040,49.0,-32.0,-17.0,45.0,37.0,3.0
70080,57.0,-19.0,46.0,49.0,36.0,44.0
70120,30.0,139.0,90.0,55.0,12.0,32.0
70160,52.0,-150.0,-5.0,56.0,31.0,6.0
70200,6.0,126.0,111.0,48.0,49.0,30.0
70240,36.0,19.0,26.0,44.0,41.0,40.0
70280,58.0,-59.0,-4.0,51.0,54.0,7.0
70320,30.0,62.0,97.0,44.0,39.0,54.0
70360,34.0,23.0,10.0,40.0,27.0,17.0
70400,36.0,-75.0,-22.0,44.0,48.0,13.0
70440,-3.0,102.0,126.0,34.0,36.0,39.0
70480,25.0,-33.0,14.0,38.0,42.0,2.0
70520,23.0,-58.0,45.0,38.0,56.0,9.0
70560,-5.0,171.0,115.0,30.0,39.0,42.0
70600,32.0,-118.0,-22.0,36.0,42.0,-14.0
70640,-9.0,83.0,132.0,32.0,33.0,35.0
70680,5.0,78.0,69.0,34.0,14.0,32.0
70720,24.0,-99.0,-17.0,39.0,45.0,-10.0
70760,-20.0,104.0,164.0,36.0,53.0,26.0
70800,-19.0,50.0,34.0,39.0,44.0,3.0
70840,-7.0,-91.0,0.0,44.0,44.0,3.0
70880,-28.0,187.0,158.0,35.0,11.0,31.0
70920,14.0,-131.0,-31.0,40.0,9.0,-24.0
70960,-16.0,51.0,62.0,51.0,26.0,1.0
71000,-22.0,78.0,69.0,47.0,17.0,11.0
71040,33.0,-50.0,-48.0,55.0,31.0,-13.0
71080,21.0,-17.0,76.0,48.0,20.0,6.0
71120,21.0,118.0,78.0,42.0,-4.0,4.0
71160,49.0,-149.0,-75.0,58.0,7.0,-31.0
71200,6.0,115.0,123.0,55.0,5.0,21.0
71240,52.0,-2.0,30.0,55.0,1.0,-18.0
71280,68.0,-120.0,-35.0,56.0,16.0,2.0
71320,58.0,183.0,114.0,51.0,-1.0,10.0
71360,85.0,-112.0,-66.0,62.0,4.0,-21.0
71400,80.0,17.0,41.0,61.0,13.0,13.0
71440,64.0,84.0,59.0,59.0,-7.0,11.0
71480,108.0,-64.0,-51.0,59.0,2.0,-5.0
71520,87.0,14.0,46.0,60.0,3.0,11.0
71560,78.0,135.0,41.0,58.0,-5.0,22.0
71600,102.0,-157.0,-105.0,64.0,15.0,-24.0
71640,60.0,138.0,99.0,57.0,0.0,38.0
71680,93.0,-7.0,-39.0,58.0,-15.0,1.0
71720,101.0,-48.0,-48.0,62.0,-5.0,-6.0
71760,74.0,101.0,80.0,53.0,-14.0,34.0
71800,94.0,-24.0,-39.0,61.0,2.0,-12.0
71840,77.0,-92.0,7.0,59.0,13.0,15.0
71880,39.0,196.0,102.0,49.0,-10.0,28.0
71920,75.0,-178.0,-86.0,53.0,-2.0,-14.0
71960,37.0,83.0,109.0,51.0,-2.0,18.0
72000,36.0,20.0,41.0,52.0,-8.0,14.0
72040,42.0,-86.0,-31.0,54.0,17.0,-12.0
72080,1.0,57.0,112.0,48.0,8.0,19.0
72120,4.0,32.0,37.0,42.0,5.0,13.0
72160,8.0,-128.0,-19.0,46.0,24.0,-20.0
72200,-45.0,146.0,161.0,34.0,13.0,28.0
72240,-20.0,-75.0,-29.0,41.0,18.0,-12.0
72280,-36.0,-41.0,51.0,44.0,22.0,3.0
72320,-62.0,121.0,139.0,36.0,6.0,18.0
72360,-33.0,-107.0,-33.0,43.0,20.0,-28.0
72400,-61.0,43.0,99.0,43.0,25.0,15.0
72440,-67.0,69.0,95.0,37.0,11.0,11.0
72480,-43.0,-97.0,-9.0,43.0,22.0,-18.0
72520,-74.0,61.0,145.0,36.0,10.0,24.0
72560,-62.0,66.0,62.0,37.0,8.0,-5.0
72600,-45.0,-170.0,10.0,46.0,24.0,-8.0
72640,-91.0,198.0,199.0,40.0,15.0,15.0
72680,-60.0,-120.0,-33.0,44.0,15.0,-14.0
72720,-62.0,19.0,105.0,48.0,22.0,4.0
72760,-82.0,75.0,120.0,41.0,4.0,13.0
72800,-49.0,-76.0,4.0,46.0,16.0,-23.0
72840,-82.0,25.0,86.0,50.0,21.0,10.0
72880,-80.0,50.0,110.0,41.0,8.0,1.0
72920,-51.0,-64.0,-5.0,49.0,21.0,-24.0
72960,-62.0,12.0,111.0,45.0,9.0,8.0
73000,-55.0,104.0,68.0,44.0,0.0,-6.0
73040,-19.0,-185.0,-17.0,51.0,12.0,-20.0
73080,-72.0,204.0,160.0,49.0,2.0,13.0
73120,-7.0,-102.0,-14.0,52.0,1.0,-9.0
73160,-24.0,4.0,34.0,58.0,12.0,-5.0
73200,-14.0,86.0,131.0,48.0,-5.0,17.0
73240,7.0,-53.0,-33.0,56.0,-1.0,-17.0
73280,10.0,-17.0,68.0,56.0,1.0,14.0
73320,1.0,138.0,85.0,51.0,-15.0,21.0
73360,54.0,-167.0,-69.0,58.0,2.0,-13.0
73400,13.0,106.0,132.0,56.0,0.0,22.0
73440,38.0,41.0,-1.0,52.0,-8.0,17.0
73480,79.0,-83.0,-41.0,62.0,5.0,-4.0
73520,45.0,142.0,136.0,52.0,-8.0,44.0
73560,75.0,-86.0,-19.0,61.0,-12.0,6.0
73600,45.0,-2.0,5.0,63.0,1.0,15.0
73640,68.0,127.0,95.0,55.0,-4.0,48.0
73680,121.0,-21.0,-100.0,59.0,4.0,3.0
73720,130.0,-25.0,53.0,54.0,15.0,36.0
73760,76.0,163.0,52.0,52.0,-1.0,31.0
73800,92.0,-209.0,-126.0,60.0,13.0,-1.0
73840,26.0,212.0,102.0,55.0,15.0,28.0
73880,91.0,-26.0,-11.0,48.0,3.0,25.0
73920,128.0,2.0,-8.0,56.0,11.0,18.0
73960,106.0,87.0,85.0,54.0,0.0,43.0
74000,101.0,-16.0,-36.0,58.0,6.0,20.0
74040,71.0,-47.0,29.0,58.0,34.0,23.0
74080,29.0,163.0,74.0,45.0,31.0,47.0
74120,84.0,-92.0,-69.0,40.0,35.0,5.0
74160,72.0,35.0,48.0,41.0,30.0,44.0
74200,73.0,70.0,57.0,39.0,5.0,31.0
74240,69.0,-122.0,-33.0,41.0,26.0,-1.0
74280,17.0,120.0,111.0,35.0,40.0,29.0
74320,40.0,16.0,-18.0,31.0,45.0,29.0
74360,67.0,-71.0,-33.0,34.0,59.0,9.0
74400,40.0,75.0,101.0,26.0,40.0,39.0
74440,64.0,28.0,-27.0,28.0,30.0,6.0
74480,49.0,-118.0,-40.0,34.0,49.0,-3.0
74520,9.0,199.0,120.0,25.0,45.0,25.0
74560,60.0,-206.0,-68.0,31.0,57.0,-25.0
74600,27.0,110.0,106.0,27.0,68.0,10.0
74640,36.0,41.0,17.0,23.0,45.0,12.0
74680,61.0,-41.0,-25.0,29.0,53.0,-21.0
74720,23.0,11.0,84.0,30.0,44.0,16.0
74760,23.0,95.0,47.0,30.0,35.0,4.0
74800,39.0,-141.0,-54.0,32.0,62.0,-24.0
74840,-5.0,188.0,144.0,23.0,65.0,15.0
74880,33.0,-60.0,-37.0,27.0,66.0,-18.0
74920,17.0,-29.0,40.0,26.0,67.0,-3.0
74960,-15.0,119.0,110.0,15.0,36.0,16.0
75000,24.0,-77.0,-28.0,17.0,35.0,-24.0
75040,-12.0,-6.0,58.0,23.0,44.0,2.0
75080,-12.0,138.0,93.0,22.0,40.0,1.0
75120,33.0,-156.0,-68.0,34.0,57.0,-22.0
75160,1.0,120.0,129.0,28.0,51.0,19.0
75200,19.0,12.0,16.0,26.0,32.0,-3.0
75240,23.0,-104.0,-9.0,29.0,36.0,-13.0
75280,-6.0,122.0,122.0,31.0,21.0,18.0
75320,43.0,-69.0,-25.0,36.0,25.0,-11.0
75360,52.0,-65.0,13.0,41.0,40.0,-4.0
75400,30.0,106.0,80.0,33.0,25.0,8.0
75440,68.0,-96.0,-94.0,44.0,32.0,-25.0
75480,54.0,-21.0,37.0,43.0,29.0,7.0
75520,56.0,109.0,40.0,39.0,9.0,13.0
75560,115.0,-159.0,-98.0,44.0,16.0,-21.0
75600,80.0,82.0,64.0,40.0,11.0,28.0
75640,103.0,22.0,-11.0,44.0,7.0,-7.0
75680,110.0,-120.0,-80.0,47.0,28.0,-13.0
75720,87.0,146.0,80.0,37.0,13.0,20.0
75760,120.0,-66.0,-76.0,42.0,6.0,-9.0
75800,119.0,-11.0,-6.0,44.0,10.0,-4.0
75840,91.0,94.0,63.0,41.0,-5.0,14.0
75880,124.0,-29.0,-57.0,45.0,14.0,-11.0
75920,99.0,-39.0,2.0,42.0,20.0,8.0
75960,72.0,160.0,76.0,34.0,4.0,18.0
76000,102.0,-168.0,-102.0,41.0,13.0,-21.0
76040,43.0,102.0,80.0,39.0,2.0,16.0
76080,52.0,10.0,-27.0,40.0,0.0,-1.0
76120,52.0,-121.0,-73.0,43.0,18.0,-28.0
76160,6.0,81.0,87.0,35.0,6.0,20.0
76200,9.0,-32.0,-53.0,38.0,5.0,-30.0
76240,2.0,-135.0,-41.0,38.0,17.0,-14.0
76280,-41.0,141.0,96.0,33.0,4.0,-4.0
76320,-1.0,-175.0,-88.0,39.0,12.0,-33.0
76360,-27.0,11.0,73.0,41.0,11.0,-8.0
76400,-38.0,19.0,61.0,34.0,-1.0,-9.0
76440,-13.0,-104.0,-28.0,39.0,19.0,-44.0
76480,-49.0,-7.0,106.0,34.0,22.0,-7.0
76520,-51.0,78.0,73.0,30.0,17.0,-15.0
76560,-15.0,-179.0,-28.0,35.0,26.0,-32.0
76600,-55.0,156.0,177.0,21.0,9.0,13.0
76640,-23.0,-93.0,1.0,23.0,9.0,-33.0
76680,-43.0,-31.0,61.0,22.0,24.0,-22.0
76720,-74.0,80.0,119.0,18.0,16.0,-4.0
76760,-53.0,-50.0,-20.0,22.0,26.0,-33.0
76800,-63.0,-62.0,54.0,18.0,23.0,-15.0
76840,-88.0,133.0,112.0,13.0,4.0,-14.0
76880,-57.0,-182.0,-70.0,23.0,16.0,-41.0
76920,-101.0,83.0,125.0,23.0,12.0,-15.0
76960,-94.0,-14.0,30.0,25.0,4.0,-24.0
77000,-70.0,-108.0,-21.0,32.0,14.0,-49.0
77040,-97.0,67.0,137.0,29.0,1.0,-13.0
77080,-83.0,-26.0,-3.0,34.0,-1.0,-45.0
77120,-67.0,-101.0,9.0,41.0,9.0,-42.0
77160,-94.0,112.0,157.0,35.0,-2.0,-7.0
77200,-47.0,-119.0,-26.0,41.0,0.0,-49.0
77240,-65.0,-13.0,82.0,40.0,6.0,-22.0
77280,-62.0,100.0,101.0,35.0,-9.0,-13.0
77320,-16.0,-142.0,-38.0,39.0,0.0,-39.0
77360,-40.0,63.0,116.0,32.0,-5.0,3.0
77400,-27.0,42.0,32.0,28.0,-18.0,-18.0
77440,12.0,-124.0,-47.0,31.0,-6.0,-14.0
77480,-15.0,93.0,117.0,26.0,-13.0,7.0
77520,22.0,-47.0,-29.0,27.0,-18.0,-11.0
77560,33.0,-99.0,-28.0,30.0,-13.0,-7.0
77600,8.0,105.0,90.0,28.0,-31.0,15.0
77640,47.0,-13.0,-56.0,36.0,-31.0,-27.0
77680,74.0,-115.0,65.0,42.0,-24.0,-1.0
77720,10.0,111.0,27.0,48.0,-36.0,27.0
77760,33.0,-305.0,-148.0,51.0,-25.0,-47.0
77800,44.0,314.0,219.0,44.0,-24.0,12.0
77840,104.0,-185.0,-178.0,50.0,-37.0,0.0
77880,86.0,45.0,-1.0,53.0,-19.0,-37.0
77920,31.0,-103.0,94.0,55.0,-21.0,-2.0
77960,35.0,98.0,-24.0,61.0,-23.0,-13.0
78000,62.0,-109.0,-123.0,49.0,-16.0,-8.0
78040,57.0,217.0,170.0,28.0,-28.0,5.0
78080,129.0,-177.0,-72.0,39.0,-28.0,16.0
78120,38.0,20.0,-61.0,46.0,-11.0,-9.0
78160,13.0,105.0,73.0,31.0,-10.0,-7.0
78200,44.0,-73.0,-55.0,20.0,8.0,7.0
78240,35.0,7.0,-26.0,17.0,4.0,21.0
78280,29.0,64.0,51.0,4.0,-25.0,-8.0
78320,68.0,-166.0,-91.0,16.0,-21.0,-18.0
78360,9.0,134.0,84.0,22.0,-21.0,27.0
78400,0.0,-29.0,-50.0,15.0,-7.0,-20.0
78440,9.0,-136.0,-31.0,14.0,23.0,-27.0
78480,-13.0,151.0,58.0,23.0,6.0,29.0
78520,27.0,-138.0,-83.0,33.0,0.0,-37.0
78560,13.0,43.0,64.0,17.0,3.0,7.0
78600,0.0,44.0,10.0,16.0,0.0,-9.0
78640,21.0,-97.0,-57.0,36.0,20.0,-52.0
78680,-36.0,-44.0,71.0,29.0,28.0,16.0
78720,-18.0,119.0,48.0,13.0,22.0,-10.0
78760,11.0,-158.0,-97.0,11.0,38.0,-31.0
78800,-17.0,122.0,84.0,8.0,27.0,18.0
78840,-19.0,-68.0,-29.0,12.0,7.0,-28.0
78880,-15.0,-64.0,16.0,13.0,23.0,-9.0
78920,-36.0,74.0,68.0,-1.0,16.0,12.0
78960,-5.0,-70.0,-60.0,-6.0,36.0,-28.0
79000,-36.0,-37.0,46.0,-1.0,44.0,-39.0
79040,-52.0,80.0,45.0,2.0,13.0,24.0
79080,-7.0,-160.0,-96.0,13.0,10.0,-34.0
79120,-67.0,37.0,102.0,-5.0,12.0,-32.0
79160,-62.0,13.0,10.0,9.0,5.0,-34.0
79200,-60.0,-105.0,-100.0,33.0,27.0,-37.0
79240,-70.0,80.0,128.0,23.0,22.0,-16.0
79280,-43.0,-37.0,-29.0,18.0,12.0,-40.0
79320,-43.0,-88.0,-48.0,23.0,16.0,-37.0
79360,-95.0,131.0,86.0,21.0,-1.0,-23.0
79400,-55.0,-108.0,-59.0,28.0,8.0,-47.0
79440,-60.0,-37.0,19.0,29.0,21.0,-31.0
79480,-61.0,126.0,64.0,17.0,7.0,-28.0
79520,-12.0,-159.0,-120.0,24.0,9.0,-40.0
79560,-51.0,95.0,76.0,26.0,1.0,-12.0
79600,-33.0,9.0,-1.0,21.0,-13.0,-25.0
79640,3.0,-119.0,-70.0,17.0,0.0,-19.0
79680,-15.0,97.0,43.0,14.0,-12.0,12.0
79720,21.0,-17.0,-37.0,19.0,-19.0,-29.0
79760,24.0,-106.0,-44.0,26.0,-7.0,-3.0
79800,-7.0,115.0,42.0,23.0,-22.0,1.0
79840,37.0,-111.0,-102.0,24.0,-13.0,-28.0
79880,25.0,-51.0,16.0,20.0,-18.0,0.0
79920,5.0,107.0,29.0,20.0,-39.0,5.0
79960,38.0,-145.0,-132.0,24.0,-21.0,-47.0
80000,19.0,-4.0,63.0,21.0,-19.0,3.0
80040,4.0,31.0,11.0,21.0,-29.0,-11.0
80080,10.0,-130.0,-108.0,21.0,-18.0,-52.0
80120,-35.0,71.0,78.0,12.0,-29.0,10.0
80160,-15.0,-36.0,-34.0,15.0,-30.0,-33.0
80200,-18.0,-145.0,-48.0,17.0,-14.0,-25.0
80240,-70.0,165.0,87.0,5.0,-26.0,7.0
80280,-37.0,-158.0,-97.0,10.0,-21.0,-29.0
80320,-66.0,15.0,52.0,7.0,-16.0,-15.0
80360,-76.0,4.0,39.0,-3.0,-34.0,1.0
80400,-65.0,-64.0,-55.0,2.0,-17.0,-36.0
80440,-99.0,-46.0,42.0,-3.0,-17.0,-11.0
80480,-110.0,96.0,40.0,-6.0,-26.0,-13.0
80520,-75.0,-213.0,-98.0,1.0,-13.0,-41.0
80560,-123.0,114.0,115.0,-11.0,-19.0,-17.0
80600,-99.0,-75.0,-35.0,-3.0,-21.0,-39.0
80640,-109.0,-97.0,-34.0,4.0,-9.0,-47.0
80680,-136.0,62.0,104.0,-1.0,-23.0,-24.0
80720,-116.0,-82.0,-50.0,4.0,-19.0,-57.0
80760,-111.0,-86.0,21.0,8.0,-11.0,-45.0
80800,-148.0,95.0,98.0,3.0,-15.0,-35.0
80840,-114.0,-188.0,-68.0,11.0,-1.0,-72.0
80880,-156.0,20.0,82.0,9.0,-5.0,-30.0
80920,-152.0,-1.0,40.0,2.0,-17.0,-45.0
80960,-127.0,-170.0,-35.0,10.0,-9.0,-65.0
81000,-164.0,54.0,117.0,3.0,-18.0,-29.0
81040,-158.0,-77.0,-12.0,1.0,-18.0,-66.0
81080,-149.0,-116.0,4.0,4.0,-5.0,-55.0
81120,-181.0,47.0,105.0,-1.0,-17.0,-37.0
81160,-143.0,-105.0,-37.0,1.0,-19.0,-66.0
81200,-161.0,-110.0,19.0,4.0,-14.0,-57.0
81240,-172.0,83.0,99.0,2.0,-31.0,-42.0
81280,-138.0,-155.0,-83.0,14.0,-19.0,-75.0
81320,-146.0,9.0,82.0,16.0,-16.0,-42.0
81360,-144.0,18.0,52.0,15.0,-29.0,-41.0
81400,-109.0,-128.0,-64.0,25.0,-19.0,-69.0
81440,-134.0,52.0,96.0,25.0,-27.0,-26.0
81480,-103.0,19.0,-5.0,25.0,-35.0,-43.0
81520,-69.0,-148.0,-45.0,33.0,-23.0,-56.0
81560,-97.0,158.0,107.0,26.0,-32.0,-9.0
81600,-52.0,-131.0,-84.0,30.0,-33.0,-56.0
81640,-54.0,18.0,34.0,28.0,-27.0,-20.0
81680,-53.0,31.0,40.0,18.0,-42.0,-10.0
81720,-16.0,-80.0,-76.0,21.0,-34.0,-39.0
81760,-31.0,-24.0,33.0,20.0,-33.0,-16.0
81800,-39.0,130.0,19.0,13.0,-44.0,-17.0
81840,17.0,-244.0,-81.0,17.0,-33.0,-34.0
81880,-60.0,120.0,43.0,9.0,-34.0,0.0
81920,-5.0,-141.0,-57.0,3.0,-45.0,-31.0
81960,20.0,83.0,-8.0,11.0,-36.0,-8.0
82000,28.0,-85.0,-26.0,10.0,-48.0,-2.0
82040,17.0,39.0,7.0,11.0,-45.0,-21.0
82080,-2.0,-178.0,-81.0,22.0,-29.0,-19.0
82120,-40.0,182.0,31.0,13.0,-37.0,5.0
82160,23.0,-132.0,-128.0,10.0,-33.0,-31.0
82200,15.0,24.0,64.0,7.0,-31.0,-1.0
82240,23.0,23.0,-4.0,7.0,-49.0,12.0
82280,31.0,-110.0,-127.0,19.0,-30.0,-45.0
82320,-1.0,93.0,102.0,9.0,-21.0,15.0
82360,18.0,21.0,-38.0,3.0,-18.0,7.0
82400,37.0,-140.0,-93.0,2.0,-11.0,2.0
82440,5.0,156.0,111.0,-14.0,-33.0,33.0
82480,37.0,-137.0,-139.0,-4.0,-37.0,-10.0
82520,6.0,17.0,16.0,-1.0,-13.0,11.0
82560,-18.0,61.0,18.0,-16.0,-11.0,2.0
82600,25.0,-152.0,-84.0,-18.0,5.0,-17.0
82640,-12.0,53.0,22.0,-16.0,-2.0,11.0
82680,11.0,33.0,10.0,-20.0,-26.0,-3.0
82720,38.0,-86.0,-88.0,-16.0,-13.0,-16.0
82760,-9.0,36.0,49.0,-18.0,0.0,-5.0
82800,-14.0,-3.0,-23.0,-6.0,-3.0,-21.0
82840,-15.0,-124.0,-65.0,-6.0,15.0,-28.0
82880,-44.0,143.0,47.0,-17.0,8.0,-2.0
82920,8.0,-104.0,-83.0,-14.0,7.0,-49.0
82960,-14.0,-52.0,-13.0,-12.0,16.0,-18.0
83000,-50.0,85.0,72.0,-15.0,-7.0,-18.0
83040,-23.0,-115.0,-75.0,-16.0,1.0,-27.0
83080,-38.0,4.0,52.0,-21.0,14.0,-17.0
83120,-39.0,58.0,40.0,-23.0,7.0,-10.0
83160,-34.0,-145.0,-89.0,-13.0,22.0,-44.0
83200,-74.0,51.0,73.0,-14.0,5.0,15.0
83240,-69.0,-20.0,-19.0,-26.0,-10.0,-25.0
83280,-63.0,-169.0,-58.0,-26.0,5.0,-53.0
83320,-99.0,132.0,88.0,-25.0,-4.0,-6.0
83360,-40.0,-146.0,-80.0,-10.0,3.0,-51.0
83400,-59.0,-14.0,44.0,-7.0,13.0,-34.0
83440,-70.0,50.0,42.0,-11.0,-9.0,-20.0
83480,-47.0,-83.0,-96.0,2.0,-3.0,-64.0
83520,-65.0,-16.0,26.0,6.0,1.0,-13.0
83560,-65.0,88.0,5.0,9.0,-5.0,-38.0
83600,-14.0,-172.0,-98.0,12.0,14.0,-51.0
83640,-56.0,113.0,74.0,4.0,4.0,-18.0
83680,-18.0,-44.0,-69.0,10.0,-8.0,-40.0
83720,-7.0,-54.0,-56.0,13.0,1.0,-42.0
83760,-9.0,69.0,59.0,2.0,-16.0,-5.0
83800,25.0,-40.0,-79.0,5.0,-18.0,-26.0
83840,24.0,-73.0,-74.0,9.0,-8.0,-11.0
83880,5.0,142.0,46.0,5.0,-25.0,2.0
83920,35.0,-161.0,-164.0,10.0,-7.0,-28.0
83960,18.0,50.0,4.0,5.0,-4.0,-4.0
84000,28.0,25.0,-40.0,-2.0,-24.0,4.0
84040,67.0,-122.0,-96.0,3.0,-17.0,-29.0
84080,25.0,71.0,18.0,-2.0,-25.0,13.0
84120,51.0,-15.0,-55.0,-2.0,-23.0,-16.0
84160,61.0,-118.0,-76.0,5.0,0.0,-13.0
84200,14.0,127.0,54.0,-2.0,-12.0,22.0
84240,41.0,-50.0,-113.0,4.0,-11.0,-30.0
84280,20.0,-58.0,-35.0,2.0,-7.0,12.0
84320,8.0,124.0,61.0,-8.0,-22.0,10.0
84360,36.0,-113.0,-119.0,-7.0,-9.0,-11.0
84400,23.0,58.0,41.0,-16.0,-8.0,19.0
84440,6.0,47.0,14.0,-28.0,-23.0,16.0
84480,32.0,-94.0,-76.0,-23.0,-7.0,-3.0
84520,-15.0,54.0,53.0,-31.0,-14.0,25.0
84560,-8.0,83.0,-21.0,-34.0,-17.0,15.0
84600,1.0,-147.0,-99.0,-24.0,-3.0,-8.0
84640,-37.0,186.0,107.0,-37.0,-15.0,46.0
84680,-6.0,-140.0,-99.0,-33.0,-10.0,-6.0
84720,-35.0,40.0,21.0,-40.0,4.0,16.0
84760,-42.0,51.0,49.0,-42.0,-11.0,26.0
84800,-23.0,-38.0,-67.0,-35.0,-3.0,-7.0
84840,-39.0,-68.0,37.0,-36.0,-6.0,5.0
84880,-73.0,143.0,68.0,-42.0,-16.0,4.0
84920,-34.0,-190.0,-117.0,-31.0,6.0,-34.0
84960,-91.0,131.0,110.0,-38.0,5.0,0.0
85000,-67.0,-53.0,-16.0,-37.0,-6.0,-16.0
85040,-67.0,-69.0,-29.0,-30.0,-2.0,-26.0
85080,-93.0,75.0,94.0,-38.0,-19.0,13.0
85120,-84.0,-55.0,-37.0,-33.0,-17.0,-35.0
85160,-88.0,-59.0,11.0,-29.0,-1.0,-11.0
85200,-120.0,66.0,68.0,-36.0,-9.0,-3.0
85240,-89.0,-97.0,-61.0,-29.0,-1.0,-38.0
85280,-111.0,-49.0,26.0,-29.0,-3.0,-18.0
85320,-120.0,96.0,55.0,-35.0,-23.0,-17.0
85360,-95.0,-206.0,-105.0,-22.0,-18.0,-46.0
85400,-118.0,104.0,107.0,-24.0,-23.0,-20.0
85440,-98.0,-87.0,-37.0,-24.0,-30.0,-33.0
85480,-83.0,-64.0,-44.0,-16.0,-14.0,-54.0
85520,-109.0,9.0,55.0,-19.0,-20.0,-25.0
85560,-81.0,-15.0,-47.0,-14.0,-21.0,-58.0
85600,-76.0,-152.0,-58.0,-4.0,-17.0,-46.0
85640,-91.0,167.0,94.0,-7.0,-33.0,-27.0
85680,-38.0,-186.0,-141.0,2.0,-30.0,-66.0
85720,-63.0,56.0,45.0,4.0,-20.0,-35.0
85760,-55.0,31.0,-6.0,2.0,-29.0,-26.0
85800,-14.0,-107.0,-106.0,5.0,-18.0,-45.0
85840,-32.0,65.0,37.0,0.0,-25.0,-4.0
85880,-22.0,-28.0,-63.0,-2.0,-39.0,-19.0
85920,-17.0,-80.0,-105.0,6.0,-21.0,-40.0
85960,-44.0,53.0,34.0,-2.0,-25.0,6.0
86000,-10.0,-14.0,-99.0,0.0,-23.0,-37.0
86040,6.0,-127.0,-76.0,-5.0,-13.0,-12.0
86080,-14.0,162.0,60.0,-14.0,-37.0,7.0
86120,28.0,-196.0,-143.0,-9.0,-39.0,-25.0
86160,-6.0,106.0,17.0,-7.0,-30.0,4.0
86200,3.0,-26.0,-58.0,-9.0,-39.0,9.0
86240,12.0,-55.0,-99.0,-5.0,-17.0,-21.0
86280,-12.0,14.0,-14.0,-10.0,-15.0,15.0
86320,-1.0,55.0,-49.0,-17.0,-26.0,1.0
86360,23.0,-130.0,-114.0,-15.0,-12.0,-6.0
86400,-7.0,146.0,68.0,-26.0,-23.0,28.0
86440,28.0,-80.0,-99.0,-22.0,-26.0,2.0
86480,26.0,16.0,-34.0,-18.0,-12.0,22.0
86520,13.0,91.0,3.0,-24.0,-21.0,46.0
86560,34.0,-44.0,-110.0,-23.0,-9.0,10.0
86600,8.0,-3.0,-36.0,-26.0,2.0,34.0
86640,-5.0,130.0,-24.0,-33.0,-11.0,35.0
86680,33.0,-133.0,-161.0,-30.0,-3.0,6.0
86720,11.0,135.0,56.0,-36.0,-10.0,51.0
86760,35.0,3.0,-95.0,-38.0,-24.0,20.0
86800,35.0,-31.0,-85.0,-36.0,-3.0,18.0
86840,-2.0,151.0,18.0,-35.0,-9.0,55.0
86880,29.0,-24.0,-97.0,-33.0,-7.0,25.0
86920,16.0,14.0,-53.0,-28.0,7.0,39.0
86960,-12.0,133.0,7.0,-36.0,-7.0,50.0
87000,15.0,-44.0,-124.0,-30.0,4.0,18.0
87040,-11.0,35.0,2.0,-34.0,10.0,34.0
87080,-17.0,118.0,5.0,-44.0,-3.0,41.0
87120,10.0,-111.0,-97.0,-44.0,2.0,6.0
87160,-37.0,115.0,51.0,-49.0,-6.0,45.0
87200,-30.0,7.0,-44.0,-48.0,-15.0,22.0
87240,-35.0,-65.0,-79.0,-40.0,1.0,11.0
87280,-66.0,121.0,59.0,-46.0,-10.0,45.0
87320,-52.0,-56.0,-98.0,-44.0,-16.0,6.0
87360,-63.0,-7.0,-30.0,-39.0,-7.0,13.0
87400,-86.0,66.0,10.0,-42.0,-24.0,27.0
87440,-41.0,-29.0,-73.0,-39.0,-16.0,-9.0
87480,-57.0,-51.0,-24.0,-39.0,-13.0,24.0
87520,-61.0,157.0,48.0,-45.0,-30.0,13.0
87560,-33.0,-161.0,-140.0,-32.0,-19.0,-16.0
87600,-74.0,155.0,46.0,-30.0,-18.0,21.0
87640,-45.0,-11.0,-55.0,-26.0,-27.0,-5.0
87680,-42.0,-24.0,-89.0,-25.0,-12.0,-9.0
87720,-48.0,97.0,31.0,-34.0,-32.0,19.0
87760,-31.0,14.0,-91.0,-33.0,-32.0,-18.0
87800,-14.0,-80.0,-66.0,-29.0,-18.0,-3.0
87840,-54.0,161.0,56.0,-36.0,-32.0,11.0
87880,-14.0,-98.0,-157.0,-26.0,-26.0,-19.0
87920,-46.0,16.0,-19.0,-28.0,-29.0,4.0
87960,-56.0,98.0,-19.0,-32.0,-45.0,11.0
88000,-22.0,-136.0,-149.0,-24.0,-29.0,-28.0
88040,-59.0,78.0,-1.0,-30.0,-32.0,29.0
88080,-36.0,22.0,-61.0,-30.0,-43.0,-17.0
88120,-21.0,-136.0,-123.0,-28.0,-31.0,-5.0
88160,-47.0,145.0,29.0,-34.0,-44.0,18.0
88200,-11.0,-108.0,-120.0,-30.0,-43.0,-25.0
88240,-25.0,-3.0,-56.0,-27.0,-26.0,-5.0
88280,-34.0,60.0,1.0,-27.0,-36.0,5.0
88320,-19.0,-56.0,-124.0,-21.0,-20.0,-13.0
88360,-23.0,-27.0,-26.0,-24.0,-15.0,-3.0
88400,-46.0,128.0,-5.0,-29.0,-29.0,18.0
88440,-1.0,-120.0,-156.0,-20.0,-15.0,-24.0
88480,-52.0,77.0,30.0,-27.0,-23.0,22.0
88520,-37.0,51.0,-46.0,-32.0,-31.0,10.0
88560,-37.0,-127.0,-128.0,-28.0,-14.0,-15.0
88600,-76.0,150.0,60.0,-39.0,-17.0,34.0
88640,-66.0,-63.0,-131.0,-35.0,-15.0,-12.0
88680,-77.0,-57.0,-43.0,-32.0,-6.0,16.0
88720,-107.0,152.0,42.0,-37.0,-31.0,25.0
88760,-76.0,-149.0,-122.0,-35.0,-23.0,-12.0
88800,-107.0,86.0,46.0,-34.0,-15.0,9.0
88840,-118.0,-7.0,7.0,-40.0,-21.0,13.0
88880,-105.0,-44.0,-64.0,-35.0,-1.0,-17.0
88920,-132.0,14.0,26.0,-42.0,-11.0,18.0
88960,-125.0,84.0,23.0,-43.0,-22.0,5.0
89000,-104.0,-128.0,-103.0,-34.0,-12.0,-19.0
89040,-152.0,158.0,98.0,-39.0,-20.0,19.0
89080,-125.0,-69.0,-62.0,-38.0,-16.0,-19.0
89120,-130.0,4.0,2.0,-38.0,-5.0,4.0
89160,-146.0,83.0,48.0,-51.0,-22.0,26.0
89200,-117.0,-10.0,-51.0,-48.0,-23.0,-18.0
89240,-122.0,-40.0,-15.0,-44.0,-24.0,21.0
89280,-150.0,166.0,64.0,-49.0,-34.0,19.0
89320,-112.0,-158.0,-119.0,-43.0,-21.0,-14.0
89360,-149.0,125.0,96.0,-52.0,-24.0,34.0
89400,-139.0,13.0,-26.0,-53.0,-38.0,9.0
89440,-125.0,-81.0,-65.0,-48.0,-29.0,-6.0
89480,-136.0,134.0,105.0,-52.0,-46.0,39.0
89520,-118.0,-54.0,-73.0,-48.0,-55.0,5.0
89560,-112.0,-19.0,-9.0,-40.0,-44.0,16.0
89600,-149.0,90.0,80.0,-47.0,-53.0,28.0
89640,-114.0,-46.0,-103.0,-35.0,-42.0,0.0
89680,-128.0,-15.0,4.0,-33.0,-32.0,16.0
89720,-125.0,125.0,62.0,-41.0,-54.0,34.0
89760,-88.0,-141.0,-137.0,-31.0,-51.0,-24.0
89800,-109.0,104.0,75.0,-37.0,-58.0,34.0
89840,-91.0,18.0,-45.0,-33.0,-67.0,0.0
89880,-61.0,-115.0,-81.0,-32.0,-48.0,-5.0
89920,-88.0,151.0,68.0,-40.0,-56.0,24.0
89960,-55.0,-91.0,-120.0,-40.0,-64.0,2.0
90000,-54.0,-16.0,-50.0,-39.0,-50.0,8.0
90040,-69.0,40.0,24.0,-43.0,-67.0,21.0
90080,-42.0,-44.0,-115.0,-36.0,-58.0,-13.0
90120,-36.0,-57.0,-39.0,-34.0,-46.0,16.0
90160,-50.0,125.0,33.0,-39.0,-63.0,15.0
90200,-2.0,-183.0,-130.0,-32.0,-51.0,-18.0
90240,-42.0,126.0,44.0,-33.0,-49.0,10.0
90280,-27.0,-33.0,-88.0,-33.0,-57.0,9.0
90320,-19.0,-64.0,-73.0,-26.0,-38.0,-25.0
90360,-42.0,82.0,5.0,-30.0,-45.0,31.0
90400,-28.0,-35.0,-100.0,-35.0,-49.0,-24.0
90440,-21.0,-22.0,-79.0,-31.0,-28.0,-7.0
90480,-49.0,53.0,11.0,-35.0,-37.0,8.0
90520,-21.0,-21.0,-114.0,-33.0,-30.0,-30.0
90560,-20.0,-55.0,-39.0,-37.0,-24.0,4.0
90600,-36.0,149.0,-1.0,-45.0,-40.0,17.0
90640,2.0,-162.0,-138.0,-39.0,-21.0,-30.0
90680,-43.0,110.0,30.0,-40.0,-10.0,27.0
90720,-37.0,7.0,-69.0,-44.0,-17.0,-3.0
90760,-20.0,-79.0,-94.0,-42.0,2.0,-2.0
90800,-39.0,112.0,51.0,-52.0,-12.0,22.0
90840,-5.0,-39.0,-86.0,-55.0,-20.0,1.0
90880,-8.0,-30.0,-48.0,-48.0,-3.0,2.0
90920,-25.0,108.0,67.0,-56.0,-16.0,30.0
90960,-4.0,-77.0,-112.0,-52.0,-1.0,-13.0
91000,-16.0,36.0,13.0,-55.0,14.0,23.0
91040,-37.0,92.0,-10.0,-63.0,-1.0,25.0
91080,5.0,-101.0,-94.0,-54.0,13.0,-6.0
91120,-49.0,62.0,29.0,-59.0,10.0,25.0
91160,-28.0,44.0,-11.0,-65.0,-1.0,16.0
91200,-21.0,-114.0,-103.0,-60.0,14.0,-6.0
91240,-39.0,140.0,86.0,-71.0,7.0,31.0
91280,-24.0,-76.0,-87.0,-64.0,-1.0,-8.0
91320,-32.0,-9.0,-23.0,-61.0,8.0,14.0
91360,-73.0,63.0,26.0,-64.0,-7.0,23.0
91400,-50.0,-43.0,-70.0,-63.0,-4.0,-6.0
91440,-70.0,-32.0,-4.0,-59.0,6.0,23.0
91480,-87.0,121.0,33.0,-65.0,-15.0,22.0
91520,-50.0,-149.0,-92.0,-59.0,-4.0,-11.0
91560,-92.0,114.0,49.0,-61.0,-10.0,27.0
91600,-73.0,-3.0,-18.0,-61.0,-24.0,-1.0
91640,-69.0,-24.0,-70.0,-58.0,-8.0,-6.0
91680,-75.0,77.0,33.0,-61.0,-18.0,19.0
91720,-55.0,36.0,-70.0,-58.0,-25.0,5.0
91760,-33.0,-60.0,-72.0,-51.0,-18.0,4.0
91800,-60.0,163.0,55.0,-58.0,-40.0,38.0
91840,-20.0,-58.0,-124.0,-54.0,-29.0,-11.0
91880,-24.0,39.0,-19.0,-50.0,-22.0,30.0
91920,-24.0,98.0,3.0,-55.0,-36.0,31.0
91960,10.0,-68.0,-139.0,-47.0,-26.0,-4.0
92000,-4.0,52.0,15.0,-52.0,-37.0,40.0
92040,-8.0,104.0,-56.0,-52.0,-53.0,29.0
92080,25.0,-151.0,-136.0,-44.0,-40.0,-3.0
92120,-18.0,178.0,65.0,-47.0,-51.0,54.0
92160,18.0,-86.0,-124.0,-39.0,-51.0,9.0
92200,-4.0,-5.0,-54.0,-37.0,-35.0,30.0
92240,-18.0,111.0,24.0,-44.0,-53.0,46.0
92280,6.0,-100.0,-149.0,-41.0,-48.0,11.0
92320,-2.0,41.0,-18.0,-39.0,-42.0,38.0
92360,-16.0,50.0,-29.0,-43.0,-56.0,30.0
92400,13.0,-71.0,-136.0,-39.0,-34.0,1.0
92440,-19.0,50.0,-5.0,-43.0,-34.0,36.0
92480,-4.0,70.0,-41.0,-48.0,-44.0,28.0
92520,18.0,-95.0,-145.0,-45.0,-31.0,3.0
92560,-8.0,136.0,25.0,-53.0,-45.0,55.0
92600,20.0,-14.0,-105.0,-52.0,-47.0,7.0
92640,15.0,-38.0,-115.0,-50.0,-30.0,27.0
92680,-4.0,136.0,23.0,-57.0,-37.0,35.0
92720,9.0,-59.0,-149.0,-55.0,-27.0,-3.0
92760,2.0,23.0,-41.0,-52.0,-19.0,30.0
92800,-28.0,122.0,-8.0,-56.0,-36.0,30.0
92840,-4.0,-93.0,-128.0,-48.0,-20.0,-10.0
92880,-39.0,74.0,16.0,-50.0,-20.0,39.0
92920,-59.0,73.0,-53.0,-50.0,-23.0,11.0
92960,-46.0,-121.0,-117.0,-44.0,-1.0,-12.0
93000,-95.0,158.0,61.0,-51.0,-11.0,27.0
93040,-80.0,-58.0,-127.0,-48.0,-14.0,-17.0
93080,-85.0,-8.0,-38.0,-47.0,0.0,-12.0
93120,-121.0,67.0,13.0,-54.0,-14.0,9.0
93160,-98.0,-28.0,-110.0,-49.0,-5.0,-33.0
93200,-115.0,-52.0,-46.0,-47.0,3.0,-2.0
93240,-133.0,130.0,26.0,-56.0,-14.0,-1.0
93280,-98.0,-154.0,-162.0,-48.0,-3.0,-31.0
93320,-121.0,85.0,32.0,-52.0,-7.0,2.0
93360,-118.0,-8.0,-45.0,-53.0,-20.0,-7.0
93400,-100.0,-76.0,-106.0,-46.0,-2.0,-36.0
93440,-124.0,55.0,47.0,-51.0,-9.0,15.0
93480,-112.0,2.0,-50.0,-50.0,-15.0,-13.0
93520,-89.0,-102.0,-71.0,-45.0,-3.0,-16.0
93560,-126.0,137.0,78.0,-53.0,-21.0,16.0
93600,-87.0,-118.0,-121.0,-46.0,-22.0,-21.0
93640,-102.0,17.0,18.0,-42.0,-11.0,-2.0
93680,-113.0,65.0,21.0,-50.0,-27.0,4.0
93720,-94.0,-90.0,-113.0,-43.0,-13.0,-29.0
93760,-114.0,33.0,19.0,-44.0,-9.0,8.0
93800,-115.0,92.0,-24.0,-52.0,-29.0,-3.0
93840,-78.0,-148.0,-131.0,-46.0,-21.0,-25.0
93880,-123.0,172.0,40.0,-52.0,-35.0,22.0
93920,-82.0,-82.0,-123.0,-51.0,-43.0,-15.0
93960,-77.0,16.0,-68.0,-45.0,-26.0,-6.0
94000,-80.0,70.0,-22.0,-52.0,-39.0,23.0
94040,-52.0,-17.0,-147.0,-47.0,-37.0,-13.0
94080,-36.0,-31.0,-56.0,-44.0,-32.0,17.0
94120,-54.0,120.0,8.0,-54.0,-51.0,28.0
94160,-14.0,-126.0,-173.0,-44.0,-41.0,-6.0
94200,-32.0,95.0,0.0,-44.0,-36.0,33.0
94240,7.0,6.0,-35.0,-48.0,-51.0,36.0
94280,30.0,-33.0,-97.0,-39.0,-36.0,5.0
94320,22.0,53.0,26.0,-48.0,-45.0,51.0
94360,26.0,65.0,-82.0,-45.0,-49.0,26.0
94400,47.0,-156.0,-133.0,-40.0,-25.0,18.0
94440,7.0,185.0,58.0,-52.0,-37.0,56.0
94480,48.0,-143.0,-207.0,-53.0,-42.0,5.0
94520,24.0,38.0,-51.0,-54.0,-35.0,31.0
94560,7.0,46.0,-67.0,-59.0,-51.0,29.0
94600,22.0,-114.0,-172.0,-51.0,-30.0,-19.0
94640,6.0,86.0,-32.0,-52.0,-23.0,32.0
94680,8.0,6.0,-125.0,-54.0,-38.0,16.0
94720,44.0,-49.0,-135.0,-49.0,-27.0,-5.0
94760,9.0,73.0,-21.0,-56.0,-35.0,29.0
94800,30.0,15.0,-120.0,-54.0,-33.0,-6.0
94840,27.0,-63.0,-118.0,-46.0,-11.0,-1.0
94880,11.0,129.0,-13.0,-57.0,-21.0,31.0
94920,34.0,-119.0,-130.0,-56.0,-21.0,-22.0
94960,12.0,68.0,-31.0,-56.0,-6.0,10.0
95000,13.0,57.0,-37.0,-61.0,-17.0,12.0
95040,43.0,-30.0,-118.0,-57.0,2.0,-4.0
95080,36.0,28.0,-8.0,-59.0,3.0,20.0
95120,40.0,95.0,-32.0,-67.0,-16.0,25.0
95160,55.0,-89.0,-155.0,-63.0,9.0,-7.0
95200,15.0,113.0,23.0,-66.0,13.0,32.0
95240,17.0,-1.0,-112.0,-70.0,14.0,-6.0
95280,15.0,-79.0,-110.0,-69.0,31.0,-7.0
95320,-25.0,120.0,24.0,-74.0,1.0,21.0
95360,13.0,-94.0,-132.0,-73.0,-4.0,-26.0
95400,-9.0,0.0,-27.0,-69.0,9.0,-11.0
95440,-30.0,97.0,-18.0,-73.0,5.0,9.0
95480,-14.0,-117.0,-135.0,-60.0,29.0,-37.0
95520,-49.0,44.0,15.0,-63.0,28.0,21.0
95560,-53.0,47.0,-42.0,-70.0,3.0,-8.0
95600,-36.0,-117.0,-118.0,-63.0,10.0,-21.0
95640,-63.0,127.0,72.0,-65.0,0.0,14.0
95680,-55.0,-99.0,-78.0,-63.0,5.0,-22.0
95720,-62.0,22.0,-21.0,-59.0,27.0,-15.0
95760,-87.0,16.0,-7.0,-69.0,11.0,21.0
95800,-51.0,44.0,-51.0,-67.0,6.0,-15.0
95840,-48.0,-101.0,-78.0,-66.0,0.0,15.0
95880,-57.0,192.0,59.0,-71.0,-18.0,17.0
95920,-26.0,-165.0,-169.0,-59.0,-2.0,-15.0
95960,-49.0,122.0,47.0,-60.0,10.0,24.0
96000,-31.0,6.0,-54.0,-63.0,-5.0,7.0
96040,-11.0,-45.0,-100.0,-60.0,8.0,-8.0
96080,-15.0,81.0,10.0,-64.0,-14.0,33.0
96120,-1.0,2.0,-81.0,-59.0,-27.0,-2.0
96160,22.0,-64.0,-86.0,-48.0,-17.0,4.0
96200,-8.0,93.0,35.0,-53.0,-35.0,31.0
96240,21.0,-14.0,-141.0,-42.0,-20.0,-11.0
96280,22.0,-71.0,-76.0,-39.0,-7.0,16.0
96320,1.0,187.0,10.0,-44.0,-26.0,34.0
96360,50.0,-195.0,-180.0,-36.0,-21.0,-8.0
96400,20.0,161.0,1.0,-40.0,-31.0,46.0
96440,42.0,-49.0,-98.0,-41.0,-45.0,16.0
96480,38.0,1.0,-115.0,-32.0,-20.0,1.0
96520,28.0,32.0,-31.0,-40.0,-24.0,41.0
96560,27.0,76.0,-106.0,-39.0,-28.0,18.0
96600,53.0,-95.0,-138.0,-39.0,-20.0,17.0
96640,18.0,170.0,31.0,-52.0,-45.0,52.0
96680,52.0,-50.0,-161.0,-45.0,-37.0,14.0
96720,41.0,-13.0,-38.0,-46.0,-20.0,36.0
96760,6.0,157.0,23.0,-51.0,-35.0,53.0
96800,34.0,-141.0,-147.0,-47.0,-21.0,0.0
96840,-6.0,161.0,18.0,-52.0,-26.0,52.0
96880,14.0,-19.0,-46.0,-54.0,-42.0,28.0
96920,11.0,3.0,-97.0,-47.0,-21.0,12.0
96960,-6.0,23.0,20.0,-52.0,-31.0,48.0
97000,-28.0,72.0,-61.0,-54.0,-30.0,22.0
97040,-2.0,-121.0,-108.0,-48.0,-10.0,9.0
97080,-53.0,158.0,69.0,-58.0,-25.0,45.0
97120,-33.0,-91.0,-118.0,-53.0,-17.0,-14.0
97160,-55.0,1.0,-20.0,-47.0,-7.0,13.0
97200,-84.0,95.0,31.0,-54.0,-24.0,21.0
97240,-62.0,-111.0,-101.0,-48.0,-7.0,-31.0
97280,-99.0,44.0,39.0,-51.0,-4.0,21.0
97320,-97.0,59.0,13.0,-58.0,-18.0,-1.0
97360,-96.0,-120.0,-93.0,-51.0,-5.0,-24.0
97400,-125.0,109.0,121.0,-62.0,-14.0,17.0
97440,-140.0,-43.0,-52.0,-61.0,-21.0,-23.0
97480,-120.0,-60.0,-10.0,-55.0,-3.0,-15.0
97520,-171.0,88.0,77.0,-66.0,-19.0,1.0
97560,-144.0,-82.0,-36.0,-62.0,-19.0,-32.0
97600,-161.0,-9.0,13.0,-58.0,-13.0,-23.0
97640,-164.0,57.0,71.0,-61.0,-32.0,0.0
97680,-150.0,-94.0,-81.0,-51.0,-22.0,-53.0
97720,-157.0,19.0,52.0,-56.0,-19.0,-9.0
97760,-166.0,34.0,9.0,-54.0,-31.0,-13.0
97800,-139.0,-120.0,-77.0,-46.0,-12.0,-53.0
97840,-161.0,60.0,75.0,-49.0,-22.0,-9.0
97880,-138.0,-3.0,-57.0,-45.0,-34.0,-35.0
97920,-109.0,-136.0,-57.0,-33.0,-21.0,-44.0
97960,-135.0,116.0,108.0,-42.0,-39.0,-11.0
98000,-108.0,-124.0,-99.0,-34.0,-38.0,-51.0
98040,-113.0,11.0,-3.0,-31.0,-22.0,-23.0
98080,-107.0,14.0,36.0,-34.0,-40.0,-6.0
98120,-73.0,-92.0,-82.0,-30.0,-33.0,-47.0
98160,-82.0,-26.0,28.0,-36.0,-35.0,-9.0
98200,-86.0,91.0,22.0,-42.0,-52.0,-10.0
98240,-45.0,-192.0,-122.0,-30.0,-30.0,-42.0
98280,-68.0,102.0,105.0,-37.0,-36.0,14.0
98320,-44.0,-100.0,-66.0,-36.0,-45.0,-23.0
98360,-22.0,-20.0,-31.0,-35.0,-33.0,-12.0
98400,-22.0,68.0,35.0,-43.0,-54.0,18.0
98440,6.0,-78.0,-84.0,-38.0,-52.0,-13.0
98480,-1.0,-69.0,-13.0,-30.0,-33.0,-12.0
98520,-30.0,96.0,13.0,-38.0,-42.0,18.0
98560,8.0,-141.0,-141.0,-35.0,-30.0,-37.0
98600,2.0,79.0,40.0,-41.0,-30.0,15.0
98640,17.0,-36.0,-68.0,-42.0,-52.0,-12.0
98680,46.0,-36.0,-73.0,-38.0,-34.0,-31.0
98720,17.0,31.0,3.0,-36.0,-37.0,16.0
98760,17.0,0.0,-39.0,-39.0,-42.0,-16.0
98800,25.0,-63.0,-73.0,-36.0,-22.0,-13.0
98840,11.0,90.0,-5.0,-41.0,-33.0,19.0
98880,48.0,-53.0,-76.0,-40.0,-28.0,-17.0
98920,25.0,-14.0,-23.0,-41.0,-22.0,1.0
98960,5.0,82.0,2.0,-50.0,-37.0,16.0
99000,24.0,-78.0,-123.0,-45.0,-22.0,-21.0
99040,11.0,-6.0,16.0,-46.0,-10.0,10.0
99080,3.0,92.0,17.0,-57.0,-26.0,11.0
99120,46.0,-90.0,-119.0,-49.0,-7.0,-11.0
99160,26.0,98.0,56.0,-55.0,-19.0,37.0
99200,29.0,-41.0,-21.0,-54.0,-29.0,-2.0
99240,9.0,-52.0,-43.0,-46.0,-2.0,-3.0
99280,-6.0,109.0,52.0,-57.0,-6.0,31.0
99320,20.0,-83.0,-68.0,-54.0,0.0,-6.0
99360,3.0,-46.0,43.0,-59.0,6.0,-2.0
99400,-16.0,81.0,77.0,-64.0,-24.0,14.0
99440,6.0,-137.0,-83.0,-55.0,-17.0,-23.0
99480,-35.0,28.0,106.0,-58.0,-7.0,3.0
99520,-56.0,10.0,50.0,-64.0,-10.0,-17.0
99560,-49.0,-97.0,-73.0,-51.0,14.0,-34.0
99600,-88.0,69.0,24.0,-57.0,3.0,4.0
99640,-62.0,-19.0,-53.0,-61.0,-15.0,-29.0
99680,-49.0,-72.0,-96.0,-57.0,-5.0,-28.0
99720,-84.0,78.0,-16.0,-59.0,-24.0,-10.0
99760,-74.0,-61.0,-139.0,-54.0,-11.0,-58.0
99800,-80.0,-43.0,-74.0,-49.0,11.0,-29.0
99840,-81.0,99.0,-30.0,-54.0,-8.0,-9.0
99880,-44.0,-111.0,-152.0,-48.0,-10.0,-44.0
99920,-62.0,37.0,-14.0,-43.0,-26.0,-6.0
99960,-59.0,17.0,-23.0,-39.0,-45.0,-17.0
