Time,Ch1_X,Ch1_Y,Ch1_Z,Ch2_X,Ch2_Y,Ch2_Z
0,-123.0,5.0,7.0,-32.0,-7.0,-6.0
40,-108.0,-77.0,-55.0,-27.0,10.0,-50.0
80,-109.0,8.0,88.0,-26.0,1.0,10.0
120,-106.0,9.0,-8.0,-25.0,-14.0,-20.0
160,-79.0,-128.0,-21.0,-17.0,4.0,-39.0
200,-114.0,94.0,106.0,-24.0,-12.0,17.0
240,-91.0,-83.0,-69.0,-16.0,-12.0,-30.0
280,-69.0,-29.0,37.0,-13.0,3.0,-15.0
320,-85.0,58.0,77.0,-19.0,-14.0,19.0
360,-69.0,-78.0,-80.0,-14.0,-6.0,-36.0
400,-74.0,30.0,33.0,-13.0,2.0,4.0
440,-76.0,-29.0,14.0,-19.0,-16.0,13.0
480,-61.0,-44.0,-59.0,-13.0,-1.0,-34.0
520,-83.0,4.0,44.0,-21.0,-6.0,14.0
560,-48.0,99.0,42.0,-17.0,-23.0,0.0
600,-55.0,-156.0,-178.0,-4.0,-8.0,-20.0
640,-46.0,116.0,200.0,-15.0,-21.0,24.0
680,-59.0,-50.0,-130.0,-5.0,-27.0,2.0
720,-3.0,-74.0,-37.0,-4.0,-6.0,-6.0
760,-34.0,170.0,119.0,-14.0,-27.0,38.0
800,22.0,-185.0,-147.0,-4.0,-20.0,-29.0
840,24.0,68.0,64.0,-3.0,-11.0,30.0
880,3.0,15.0,-45.0,-11.0,-28.0,5.0
920,49.0,-103.0,-78.0,-5.0,-10.0,-23.0
960,22.0,79.0,59.0,-13.0,-12.0,53.0
1000,40.0,-36.0,-94.0,-7.0,-23.0,-31.0
1040,58.0,-47.0,-54.0,-6.0,1.0,5.0
1080,60.0,116.0,-3.0,-3.0,-8.0,19.0
1120,82.0,-71.0,-129.0,-3.0,-14.0,-4.0
1160,87.0,32.0,-21.0,-6.0,0.0,4.0
1200,62.0,4.0,-36.0,-11.0,-14.0,15.0
1240,58.0,27.0,-69.0,-7.0,5.0,-7.0
1280,56.0,-19.0,-72.0,-8.0,21.0,-2.0
1320,56.0,108.0,22.0,-15.0,0.0,26.0
1360,86.0,-78.0,-99.0,-6.0,5.0,-23.0
1400,50.0,48.0,34.0,-10.0,-4.0,24.0
1440,30.0,87.0,-30.0,-14.0,-9.0,11.0
1480,57.0,-48.0,-73.0,-14.0,28.0,-30.0
1520,55.0,96.0,68.0,-20.0,21.0,64.0
1560,55.0,-10.0,-59.0,-23.0,10.0,6.0
1600,60.0,-27.0,-31.0,-27.0,20.0,-6.0
1640,35.0,112.0,37.0,-35.0,4.0,48.0
1680,51.0,-75.0,-95.0,-33.0,23.0,-7.0
1720,42.0,17.0,33.0,-32.0,46.0,6.0
1760,25.0,55.0,7.0,-46.0,24.0,30.0
1800,48.0,-52.0,-106.0,-36.0,35.0,-17.0
1840,33.0,49.0,53.0,-39.0,31.0,42.0
1880,35.0,51.0,4.0,-46.0,19.0,0.0
1920,51.0,-96.0,-63.0,-29.0,40.0,-5.0
1960,-4.0,127.0,74.0,-36.0,36.0,36.0
2000,25.0,-45.0,-13.0,-38.0,40.0,-15.0
2040,8.0,-10.0,15.0,-32.0,56.0,4.0
2080,-3.0,107.0,74.0,-40.0,31.0,27.0
2120,9.0,-54.0,-57.0,-30.0,28.0,-5.0
2160,-6.0,7.0,55.0,-32.0,31.0,10.0
2200,-45.0,52.0,83.0,-41.0,16.0,12.0
2240,-29.0,-45.0,-71.0,-32.0,39.0,-10.0
2280,-37.0,3.0,40.0,-34.0,38.0,26.0
2320,-36.0,73.0,41.0,-38.0,15.0,5.0
2360,-21.0,-144.0,-76.0,-32.0,22.0,-22.0
2400,-43.0,120.0,79.0,-36.0,8.0,33.0
2440,-31.0,-81.0,-74.0,-33.0,6.0,-32.0
2480,-15.0,-52.0,-3.0,-25.0,26.0,-15.0
2520,-15.0,70.0,41.0,-26.0,8.0,9.0
2560,32.0,-76.0,-93.0,-19.0,9.0,-29.0
2600,40.0,-25.0,18.0,-14.0,14.0,-16.0
2640,24.0,53.0,36.0,-16.0,-9.0,1.0
2680,50.0,-76.0,-93.0,1.0,10.0,-53.0
2720,56.0,42.0,19.0,-4.0,9.0,21.0
2760,80.0,25.0,11.0,-3.0,-4.0,-18.0
2800,111.0,-76.0,-80.0,1.0,9.0,-22.0
2840,89.0,75.0,37.0,-5.0,-4.0,10.0
2880,91.0,-5.0,-64.0,-2.0,-6.0,-16.0
2920,110.0,-66.0,-73.0,-1.0,14.0,-23.0
2960,99.0,83.0,31.0,-8.0,-8.0,28.0
3000,111.0,-41.0,-124.0,-3.0,-6.0,-25.0
3040,115.0,-33.0,-51.0,-5.0,-1.0,0.0
3080,88.0,100.0,5.0,-7.0,-21.0,18.0
3120,121.0,-105.0,-146.0,-1.0,-1.0,-33.0
3160,93.0,29.0,-5.0,-2.0,-2.0,19.0
3200,94.0,40.0,-30.0,-4.0,-19.0,-3.0
3240,112.0,-104.0,-114.0,5.0,3.0,-30.0
3280,89.0,104.0,51.0,3.0,-7.0,34.0
3320,91.0,-48.0,-66.0,5.0,-6.0,-24.0
3360,102.0,-33.0,-24.0,11.0,13.0,-7.0
3400,71.0,57.0,54.0,5.0,-6.0,25.0
3440,79.0,-42.0,-54.0,7.0,5.0,-28.0
3480,74.0,-29.0,6.0,7.0,19.0,9.0
3520,52.0,71.0,60.0,-6.0,4.0,22.0
3560,62.0,-78.0,-73.0,0.0,19.0,-27.0
3600,40.0,12.0,51.0,-7.0,12.0,22.0
3640,17.0,59.0,18.0,-13.0,3.0,-3.0
3680,29.0,-129.0,-77.0,-8.0,26.0,-21.0
3720,-13.0,91.0,93.0,-18.0,20.0,20.0
3760,-14.0,-34.0,-48.0,-22.0,14.0,-20.0
3800,-4.0,-44.0,-40.0,-14.0,24.0,-14.0
3840,-30.0,48.0,82.0,-21.0,5.0,14.0
3880,-37.0,-49.0,-44.0,-13.0,9.0,-39.0
3920,-42.0,-35.0,10.0,-9.0,24.0,-12.0
3960,-69.0,74.0,86.0,-15.0,9.0,2.0
4000,-46.0,-89.0,-56.0,-5.0,19.0,-36.0
4040,-59.0,4.0,103.0,-8.0,15.0,1.0
4080,-76.0,53.0,66.0,-8.0,-3.0,-5.0
4120,-55.0,-121.0,-42.0,5.0,18.0,-44.0
4160,-82.0,80.0,148.0,-4.0,11.0,15.0
4200,-82.0,-56.0,15.0,-4.0,6.0,-29.0
4240,-69.0,-57.0,15.0,2.0,21.0,-26.0
4280,-92.0,47.0,119.0,-5.0,0.0,9.0
4320,-85.0,-72.0,-10.0,-4.0,-1.0,-36.0
4360,-75.0,-51.0,46.0,-1.0,8.0,-13.0
4400,-88.0,37.0,101.0,-7.0,-14.0,2.0
4440,-65.0,-118.0,-27.0,-1.0,-4.0,-46.0
4480,-73.0,-2.0,85.0,-2.0,-1.0,0.0
4520,-78.0,7.0,51.0,-3.0,-20.0,-17.0
4560,-40.0,-110.0,-20.0,4.0,-1.0,-44.0
4600,-56.0,32.0,109.0,3.0,-12.0,2.0
4640,-44.0,-30.0,20.0,3.0,-25.0,-26.0
4680,-25.0,-81.0,-7.0,11.0,-5.0,-39.0
4720,-38.0,42.0,108.0,6.0,-21.0,8.0
4760,-17.0,-42.0,-11.0,14.0,-18.0,-45.0
4800,5.0,-44.0,26.0,17.0,-6.0,-14.0
4840,-5.0,65.0,82.0,9.0,-28.0,5.0
4880,23.0,-73.0,-50.0,16.0,-15.0,-42.0
4920,18.0,14.0,60.0,14.0,-6.0,0.0
4960,17.0,51.0,22.0,8.0,-21.0,7.0
5000,50.0,-105.0,-77.0,14.0,-1.0,-41.0
5040,36.0,76.0,69.0,8.0,-7.0,13.0
5080,50.0,-17.0,-27.0,5.0,-20.0,-15.0
5120,62.0,-40.0,-40.0,12.0,0.0,-25.0
5160,57.0,56.0,97.0,1.0,-13.0,15.0
5200,83.0,-18.0,-57.0,5.0,-10.0,-24.0
5240,114.0,-49.0,-36.0,14.0,6.0,1.0
5280,86.0,71.0,46.0,5.0,-12.0,23.0
5320,111.0,-97.0,-60.0,11.0,0.0,-34.0
5360,64.0,-8.0,13.0,10.0,12.0,7.0
5400,50.0,78.0,27.0,4.0,4.0,-14.0
5440,91.0,-103.0,-81.0,17.0,23.0,-30.0
5480,94.0,104.0,86.0,14.0,9.0,23.0
5520,110.0,-23.0,9.0,12.0,-8.0,-7.0
5560,108.0,-12.0,-10.0,16.0,22.0,-14.0
5600,66.0,48.0,69.0,6.0,23.0,33.0
5640,56.0,6.0,-24.0,5.0,36.0,-7.0
5680,75.0,-51.0,-15.0,4.0,46.0,14.0
5720,55.0,84.0,65.0,-9.0,12.0,37.0
5760,72.0,-63.0,-70.0,-5.0,19.0,-22.0
5800,43.0,-6.0,32.0,-9.0,32.0,12.0
5840,27.0,72.0,46.0,-16.0,27.0,19.0
5880,46.0,-143.0,-77.0,-9.0,50.0,-19.0
5920,41.0,93.0,92.0,-15.0,40.0,38.0
5960,55.0,-38.0,-44.0,-15.0,18.0,-5.0
6000,58.0,-39.0,-36.0,-2.0,40.0,-16.0
6040,31.0,42.0,61.0,-4.0,31.0,23.0
6080,42.0,-41.0,-40.0,2.0,40.0,-30.0
6120,42.0,-46.0,3.0,4.0,57.0,-10.0
6160,28.0,96.0,84.0,-6.0,34.0,9.0
6200,67.0,-52.0,-64.0,4.0,42.0,-34.0
6240,62.0,16.0,52.0,3.0,44.0,7.0
6280,42.0,93.0,52.0,0.0,23.0,10.0
6320,44.0,-101.0,-72.0,7.0,44.0,-32.0
6360,10.0,127.0,71.0,1.0,42.0,21.0
6400,22.0,-12.0,-20.0,-1.0,37.0,-7.0
6440,29.0,-14.0,-29.0,2.0,57.0,-14.0
6480,12.0,65.0,81.0,-10.0,29.0,29.0
6520,3.0,-13.0,-32.0,-6.0,15.0,-24.0
6560,5.0,-37.0,-3.0,-3.0,23.0,-1.0
6600,-14.0,77.0,85.0,-8.0,4.0,15.0
6640,20.0,-53.0,-40.0,4.0,23.0,-29.0
6680,14.0,-12.0,21.0,10.0,27.0,16.0
6720,1.0,84.0,45.0,11.0,1.0,14.0
6760,20.0,-140.0,-61.0,22.0,14.0,-34.0
6800,-1.0,79.0,99.0,19.0,9.0,22.0
6840,22.0,-9.0,-19.0,21.0,1.0,-15.0
6880,60.0,-72.0,-30.0,30.0,19.0,-20.0
6920,58.0,57.0,86.0,23.0,-1.0,23.0
6960,80.0,-22.0,-54.0,29.0,-2.0,-25.0
7000,100.0,-50.0,-32.0,32.0,15.0,-3.0
7040,86.0,115.0,43.0,24.0,-6.0,22.0
7080,131.0,-94.0,-98.0,31.0,6.0,-17.0
7120,135.0,45.0,8.0,27.0,8.0,29.0
7160,145.0,37.0,-4.0,25.0,-11.0,21.0
7200,155.0,-63.0,-96.0,27.0,11.0,-19.0
7240,144.0,50.0,30.0,21.0,5.0,37.0
7280,133.0,27.0,-45.0,20.0,-7.0,12.0
7320,156.0,-67.0,-64.0,27.0,12.0,-13.0
7360,115.0,81.0,51.0,22.0,-5.0,37.0
7400,116.0,-10.0,-48.0,31.0,2.0,-10.0
7440,99.0,-45.0,-36.0,37.0,22.0,8.0
7480,70.0,88.0,101.0,26.0,4.0,32.0
7520,68.0,-61.0,-46.0,31.0,16.0,-21.0
7560,49.0,-18.0,31.0,30.0,23.0,16.0
7600,13.0,80.0,75.0,23.0,7.0,11.0
7640,29.0,-119.0,-39.0,31.0,29.0,-33.0
7680,1.0,40.0,105.0,26.0,25.0,16.0
7720,-14.0,23.0,34.0,17.0,14.0,-9.0
7760,-6.0,-100.0,-46.0,23.0,39.0,-36.0
7800,-29.0,66.0,139.0,11.0,26.0,22.0
7840,-28.0,-36.0,-8.0,12.0,24.0,-26.0
7880,-2.0,-57.0,16.0,10.0,38.0,-8.0
7920,-23.0,77.0,93.0,-1.0,14.0,18.0
7960,8.0,-98.0,-20.0,6.0,27.0,-43.0
8000,2.0,-11.0,86.0,9.0,39.0,1.0
8040,-10.0,53.0,73.0,3.0,27.0,-2.0
8080,25.0,-76.0,-19.0,13.0,46.0,-35.0
8120,15.0,3.0,109.0,8.0,35.0,20.0
8160,17.0,66.0,87.0,8.0,18.0,-4.0
8200,38.0,-119.0,-18.0,21.0,36.0,-25.0
8240,19.0,127.0,165.0,21.0,30.0,19.0
8280,13.0,-67.0,8.0,22.0,30.0,-14.0
8320,27.0,6.0,67.0,25.0,47.0,-24.0
8360,3.0,46.0,108.0,16.0,21.0,23.0
8400,17.0,-13.0,7.0,25.0,25.0,-30.0
8440,18.0,-31.0,68.0,25.0,33.0,-3.0
8480,-15.0,99.0,118.0,15.0,15.0,15.0
8520,11.0,-96.0,-18.0,25.0,31.0,-37.0
8560,-11.0,56.0,130.0,18.0,30.0,19.0
8600,-7.0,33.0,52.0,15.0,13.0,-1.0
8640,11.0,-84.0,-10.0,21.0,32.0,-36.0
8680,4.0,70.0,142.0,12.0,18.0,26.0
8720,16.0,-29.0,18.0,18.0,9.0,-18.0
8760,44.0,-86.0,18.0,24.0,29.0,-22.0
8800,21.0,90.0,135.0,17.0,11.0,17.0
8840,55.0,-97.0,-36.0,29.0,15.0,-26.0
8880,64.0,-8.0,70.0,37.0,24.0,-2.0
8920,66.0,46.0,91.0,27.0,-4.0,19.0
8960,104.0,-86.0,-55.0,41.0,11.0,-30.0
9000,110.0,-2.0,76.0,41.0,17.0,18.0
9040,107.0,47.0,52.0,40.0,8.0,0.0
9080,138.0,-145.0,-66.0,47.0,31.0,-29.0
9120,118.0,142.0,107.0,38.0,22.0,30.0
9160,142.0,-70.0,-53.0,38.0,8.0,-7.0
9200,150.0,-29.0,34.0,41.0,23.0,-14.0
9240,119.0,66.0,65.0,33.0,3.0,35.0
9280,135.0,-20.0,-75.0,40.0,13.0,-17.0
9320,151.0,0.0,10.0,38.0,35.0,14.0
9360,130.0,92.0,49.0,28.0,17.0,26.0
9400,143.0,-102.0,-65.0,33.0,31.0,-22.0
9440,80.0,61.0,29.0,32.0,32.0,18.0
9480,73.0,47.0,-12.0,26.0,17.0,8.0
9520,90.0,-63.0,-30.0,35.0,36.0,-21.0
9560,81.0,91.0,94.0,28.0,24.0,34.0
9600,93.0,0.0,2.0,31.0,16.0,2.0
9640,94.0,-24.0,-40.0,44.0,43.0,-6.0
9680,62.0,63.0,100.0,35.0,34.0,37.0
9720,63.0,-16.0,1.0,36.0,42.0,1.0
9760,69.0,-31.0,12.0,35.0,55.0,6.0
9800,53.0,100.0,76.0,22.0,28.0,57.0
9840,74.0,-81.0,-50.0,34.0,42.0,-25.0
9880,38.0,-24.0,97.0,30.0,52.0,29.0
9920,16.0,149.0,93.0,23.0,43.0,19.0
9960,40.0,-181.0,-104.0,29.0,66.0,-10.0
10000,58.0,-122.0,-69.0,24.0,22.0,-31.0
10040,42.0,42.0,31.0,28.0,20.0,2.0
10080,45.0,74.0,57.0,31.0,1.0,9.0
10120,85.0,-102.0,-50.0,42.0,21.0,-34.0
10160,76.0,47.0,106.0,41.0,18.0,11.0
10200,90.0,65.0,26.0,38.0,4.0,5.0
10240,126.0,-116.0,-48.0,51.0,20.0,-26.0
10280,100.0,141.0,127.0,43.0,4.0,35.0
10320,126.0,-49.0,-16.0,46.0,4.0,-10.0
10360,129.0,-32.0,10.0,49.0,18.0,18.0
10400,115.0,119.0,94.0,43.0,-4.0,49.0
10440,140.0,-76.0,-63.0,44.0,3.0,-1.0
10480,135.0,-4.0,58.0,41.0,9.0,37.0
10520,119.0,107.0,46.0,34.0,-9.0,49.0
10560,151.0,-114.0,-94.0,42.0,7.0,-6.0
10600,116.0,58.0,68.0,37.0,-2.0,57.0
10640,107.0,41.0,15.0,35.0,-14.0,15.0
10680,130.0,-106.0,-65.0,44.0,9.0,4.0
10720,93.0,109.0,84.0,39.0,3.0,43.0
10760,108.0,-23.0,-31.0,41.0,3.0,6.0
10800,102.0,-67.0,-10.0,47.0,17.0,10.0
10840,67.0,115.0,112.0,37.0,-6.0,39.0
10880,78.0,-75.0,-50.0,46.0,7.0,-14.0
10920,64.0,-29.0,47.0,50.0,23.0,11.0
10960,37.0,134.0,105.0,43.0,15.0,19.0
11000,69.0,-156.0,-66.0,50.0,37.0,-17.0
11040,25.0,99.0,129.0,44.0,31.0,24.0
11080,16.0,-7.0,34.0,37.0,17.0,12.0
11120,22.0,-42.0,-30.0,46.0,41.0,-18.0
11160,-2.0,29.0,100.0,37.0,33.0,37.0
11200,12.0,34.0,35.0,35.0,35.0,-9.0
11240,27.0,-135.0,-34.0,38.0,46.0,-4.0
11280,-11.0,162.0,134.0,26.0,31.0,17.0
11320,14.0,-119.0,-67.0,34.0,41.0,-33.0
11360,15.0,0.0,76.0,34.0,51.0,-2.0
11400,2.0,93.0,81.0,26.0,32.0,15.0
11440,40.0,-112.0,-41.0,34.0,43.0,-41.0
11480,15.0,62.0,98.0,35.0,42.0,12.0
11520,15.0,41.0,70.0,36.0,34.0,-2.0
11560,29.0,-89.0,-34.0,50.0,56.0,-34.0
11600,8.0,98.0,146.0,41.0,45.0,17.0
11640,8.0,14.0,-7.0,47.0,37.0,-16.0
11680,34.0,-76.0,31.0,50.0,53.0,-16.0
11720,-4.0,139.0,146.0,43.0,37.0,20.0
11760,27.0,-52.0,-31.0,48.0,44.0,-22.0
11800,13.0,-33.0,48.0,48.0,52.0,0.0
11840,-4.0,156.0,136.0,39.0,31.0,24.0
11880,29.0,-169.0,-74.0,46.0,40.0,-26.0
11920,14.0,137.0,146.0,42.0,41.0,18.0
11960,22.0,-10.0,3.0,39.0,22.0,17.0
12000,50.0,-44.0,8.0,43.0,38.0,-21.0
12040,22.0,57.0,105.0,39.0,26.0,39.0
12080,40.0,26.0,14.0,39.0,13.0,-1.0
12120,64.0,-80.0,-6.0,47.0,31.0,0.0
12160,34.0,143.0,114.0,38.0,16.0,34.0
12200,64.0,-89.0,-49.0,47.0,21.0,-4.0
12240,62.0,24.0,72.0,51.0,27.0,12.0
12280,52.0,90.0,72.0,45.0,7.0,34.0
12320,90.0,-59.0,-29.0,52.0,17.0,-11.0
12360,69.0,29.0,78.0,53.0,22.0,31.0
12400,74.0,93.0,89.0,48.0,4.0,32.0
12440,104.0,-83.0,-19.0,53.0,21.0,3.0
12480,76.0,83.0,137.0,49.0,13.0,54.0
12520,67.0,29.0,-12.0,47.0,4.0,24.0
12560,106.0,-94.0,12.0,52.0,27.0,17.0
12600,84.0,191.0,96.0,46.0,12.0,68.0
12640,140.0,-91.0,-69.0,41.0,10.0,16.0
12680,115.0,35.0,83.0,43.0,23.0,42.0
12720,54.0,25.0,20.0,38.0,7.0,48.0
12760,77.0,-35.0,-38.0,42.0,28.0,4.0
12800,76.0,49.0,82.0,40.0,30.0,53.0
12840,107.0,75.0,75.0,34.0,6.0,45.0
12880,125.0,-75.0,-5.0,45.0,17.0,8.0
12920,75.0,67.0,115.0,51.0,21.0,46.0
12960,69.0,34.0,58.0,45.0,28.0,20.0
13000,76.0,-58.0,38.0,46.0,60.0,18.0
13040,49.0,162.0,141.0,32.0,37.0,40.0
13080,97.0,-66.0,-24.0,33.0,28.0,13.0
13120,74.0,9.0,39.0,44.0,35.0,13.0
13160,38.0,80.0,142.0,28.0,26.0,30.0
13200,52.0,-17.0,-37.0,29.0,49.0,-5.0
13240,38.0,0.0,46.0,26.0,63.0,28.0
13280,49.0,149.0,100.0,16.0,39.0,26.0
13320,82.0,-169.0,-71.0,24.0,51.0,-1.0
13360,30.0,157.0,127.0,18.0,41.0,37.0
13400,52.0,24.0,-8.0,19.0,34.0,5.0
13440,64.0,-117.0,-2.0,28.0,57.0,-5.0
13480,21.0,196.0,167.0,22.0,46.0,31.0
13520,65.0,-111.0,-38.0,33.0,51.0,-16.0
13560,38.0,46.0,67.0,41.0,68.0,8.0
13600,24.0,89.0,125.0,34.0,41.0,17.0
13640,41.0,-32.0,-1.0,42.0,43.0,-16.0
13680,32.0,-1.0,83.0,43.0,40.0,28.0
13720,23.0,144.0,99.0,40.0,31.0,11.0
13760,46.0,-171.0,-29.0,48.0,64.0,-27.0
13800,-20.0,174.0,155.0,41.0,61.0,20.0
13840,-7.0,-31.0,-11.0,40.0,40.0,4.0
13880,9.0,-31.0,32.0,38.0,36.0,-7.0
13920,-8.0,71.0,109.0,28.0,10.0,23.0
13960,4.0,-23.0,-11.0,39.0,16.0,-22.0
14000,-18.0,-57.0,13.0,44.0,38.0,-3.0
14040,-30.0,125.0,90.0,39.0,18.0,27.0
14080,20.0,-119.0,-61.0,39.0,19.0,-18.0
14120,1.0,8.0,78.0,38.0,12.0,6.0
14160,-7.0,93.0,48.0,43.0,-14.0,12.0
14200,15.0,-152.0,-57.0,59.0,8.0,-28.0
14240,-15.0,106.0,134.0,59.0,3.0,16.0
14280,12.0,-20.0,13.0,58.0,-8.0,6.0
14320,44.0,-49.0,-24.0,68.0,9.0,-11.0
14360,14.0,86.0,90.0,68.0,-11.0,27.0
14400,46.0,2.0,-13.0,71.0,-10.0,-1.0
14440,38.0,-80.0,-8.0,75.0,-1.0,0.0
14480,32.0,180.0,110.0,63.0,-24.0,46.0
14520,65.0,-115.0,-99.0,71.0,-13.0,-17.0
14560,51.0,61.0,72.0,67.0,-7.0,34.0
14600,33.0,104.0,25.0,61.0,-21.0,21.0
14640,71.0,-100.0,-82.0,64.0,-6.0,3.0
14680,37.0,103.0,77.0,57.0,-23.0,46.0
14720,61.0,53.0,0.0,53.0,-37.0,22.0
14760,71.0,-127.0,-54.0,60.0,-17.0,4.0
14800,40.0,179.0,126.0,53.0,-21.0,47.0
14840,65.0,-113.0,-52.0,56.0,-12.0,6.0
14880,46.0,14.0,57.0,56.0,-2.0,19.0
14920,22.0,54.0,94.0,48.0,-28.0,34.0
14960,43.0,-46.0,-13.0,58.0,-20.0,-7.0
15000,29.0,-72.0,76.0,65.0,-12.0,22.0
15040,-2.0,138.0,123.0,60.0,-19.0,24.0
15080,25.0,-185.0,-56.0,67.0,2.0,-17.0
15120,-19.0,121.0,162.0,59.0,-2.0,34.0
15160,-8.0,-18.0,39.0,56.0,-7.0,-5.0
15200,-2.0,-57.0,30.0,56.0,11.0,-12.0
15240,-37.0,96.0,148.0,49.0,-1.0,26.0
15280,-19.0,2.0,37.0,46.0,-1.0,-11.0
15320,-20.0,-61.0,58.0,45.0,14.0,-1.0
15360,-48.0,167.0,165.0,33.0,-1.0,18.0
15400,-22.0,-74.0,-20.0,38.0,15.0,-19.0
15440,-44.0,33.0,123.0,35.0,19.0,9.0
15480,-57.0,139.0,135.0,26.0,-1.0,14.0
15520,-23.0,-113.0,-9.0,31.0,10.0,-14.0
15560,-50.0,139.0,182.0,30.0,7.0,14.0
15600,-40.0,5.0,90.0,29.0,1.0,10.0
15640,-25.0,-35.0,53.0,40.0,23.0,-22.0
15680,-60.0,90.0,170.0,34.0,8.0,31.0
15720,-33.0,20.0,75.0,38.0,6.0,-3.0
15760,-27.0,-89.0,68.0,48.0,14.0,-4.0
15800,-50.0,149.0,212.0,41.0,4.0,28.0
15840,-35.0,-87.0,4.0,50.0,14.0,-17.0
15880,-36.0,-9.0,157.0,47.0,23.0,12.0
15920,-53.0,119.0,159.0,43.0,3.0,23.0
15960,-6.0,-168.0,10.0,47.0,11.0,-17.0
16000,-43.0,110.0,197.0,42.0,6.0,24.0
16040,-19.0,-9.0,97.0,39.0,-6.0,10.0
16080,-17.0,-94.0,33.0,46.0,10.0,-14.0
16120,-35.0,89.0,205.0,40.0,3.0,36.0
16160,-21.0,-53.0,28.0,39.0,-4.0,-8.0
16200,6.0,-52.0,90.0,41.0,6.0,5.0
16240,-21.0,104.0,153.0,36.0,-16.0,30.0
16280,25.0,-89.0,18.0,43.0,-11.0,-10.0
16320,10.0,-26.0,109.0,47.0,-5.0,14.0
16360,3.0,102.0,115.0,43.0,-16.0,22.0
16400,46.0,-139.0,-18.0,54.0,-2.0,-18.0
16440,18.0,90.0,139.0,51.0,-1.0,21.0
16480,52.0,41.0,59.0,54.0,-13.0,7.0
16520,72.0,-96.0,6.0,62.0,-2.0,-7.0
16560,44.0,78.0,157.0,64.0,-9.0,30.0
16600,47.0,-11.0,-6.0,63.0,-13.0,-5.0
16640,107.0,-34.0,39.0,67.0,10.0,4.0
16680,92.0,137.0,74.0,61.0,-1.0,30.0
16720,152.0,-81.0,-14.0,61.0,4.0,-6.0
16760,87.0,12.0,44.0,63.0,14.0,6.0
16800,54.0,48.0,49.0,59.0,3.0,22.0
16840,73.0,-28.0,-42.0,63.0,18.0,-15.0
16880,87.0,36.0,97.0,53.0,19.0,27.0
16920,120.0,99.0,68.0,51.0,0.0,33.0
16960,139.0,-134.0,-48.0,62.0,11.0,-8.0
17000,79.0,107.0,131.0,58.0,16.0,38.0
17040,76.0,-8.0,18.0,55.0,26.0,13.0
17080,72.0,-67.0,-15.0,56.0,54.0,5.0
17120,56.0,148.0,110.0,41.0,34.0,40.0
17160,105.0,-114.0,-64.0,49.0,26.0,4.0
17200,81.0,3.0,63.0,54.0,33.0,18.0
17240,53.0,86.0,98.0,45.0,24.0,22.0
17280,72.0,-72.0,-60.0,48.0,52.0,-11.0
17320,57.0,42.0,82.0,46.0,64.0,36.0
17360,78.0,98.0,47.0,41.0,45.0,25.0
17400,111.0,-145.0,-52.0,45.0,51.0,2.0
17440,53.0,202.0,106.0,39.0,43.0,49.0
17480,80.0,-66.0,-53.0,46.0,42.0,3.0
17520,59.0,-3.0,22.0,47.0,70.0,15.0
17560,39.0,69.0,99.0,36.0,61.0,38.0
17600,65.0,29.0,-31.0,40.0,63.0,8.0
17640,67.0,-54.0,12.0,40.0,69.0,25.0
17680,33.0,215.0,113.0,33.0,46.0,43.0
17720,63.0,-172.0,-82.0,44.0,52.0,1.0
17760,17.0,156.0,124.0,42.0,57.0,50.0
17800,26.0,33.0,7.0,38.0,52.0,29.0
17840,35.0,-26.0,-2.0,43.0,78.0,4.0
17880,-5.0,104.0,115.0,41.0,69.0,42.0
17920,12.0,47.0,19.0,40.0,51.0,29.0
17960,7.0,-74.0,8.0,39.0,57.0,13.0
18000,-29.0,173.0,159.0,30.0,33.0,46.0
18040,0.0,-49.0,-30.0,41.0,39.0,7.0
18080,-6.0,34.0,65.0,43.0,56.0,26.0
18120,-11.0,125.0,86.0,40.0,41.0,48.0
18160,28.0,-79.0,-20.0,42.0,48.0,7.0
18200,-13.0,56.0,87.0,39.0,38.0,46.0
18240,-20.0,81.0,56.0,34.0,15.0,33.0
18280,18.0,-108.0,-35.0,43.0,31.0,7.0
18320,0.0,84.0,125.0,40.0,20.0,49.0
18360,33.0,15.0,6.0,42.0,16.0,21.0
18400,49.0,-104.0,-28.0,50.0,29.0,4.0
18440,16.0,146.0,96.0,48.0,11.0,49.0
18480,53.0,-76.0,-63.0,53.0,14.0,0.0
18520,60.0,-2.0,5.0,57.0,17.0,32.0
18560,65.0,108.0,54.0,55.0,-4.0,38.0
18600,105.0,-65.0,-79.0,63.0,9.0,-3.0
18640,77.0,21.0,37.0,64.0,12.0,29.0
18680,74.0,136.0,30.0,57.0,3.0,19.0
18720,109.0,-120.0,-94.0,65.0,16.0,-8.0
18760,81.0,150.0,95.0,56.0,1.0,42.0
18800,107.0,41.0,-37.0,56.0,-8.0,0.0
18840,119.0,-59.0,-50.0,64.0,10.0,7.0
18880,83.0,170.0,100.0,53.0,1.0,37.0
18920,106.0,-30.0,-68.0,52.0,9.0,0.0
18960,88.0,-2.0,21.0,50.0,15.0,16.0
19000,57.0,157.0,77.0,41.0,-8.0,29.0
19040,89.0,-90.0,-90.0,48.0,4.0,-10.0
19080,67.0,48.0,70.0,43.0,6.0,23.0
19120,58.0,89.0,36.0,39.0,-2.0,14.0
19160,78.0,-125.0,-81.0,47.0,14.0,-8.0
19200,29.0,105.0,103.0,39.0,8.0,21.0
19240,44.0,-4.0,4.0,38.0,6.0,-1.0
19280,47.0,-76.0,-33.0,45.0,26.0,-10.0
19320,23.0,97.0,133.0,37.0,12.0,23.0
19360,40.0,-32.0,-13.0,44.0,11.0,-8.0
19400,40.0,-82.0,38.0,43.0,20.0,-3.0
19440,0.0,155.0,140.0,35.0,9.0,17.0
19480,38.0,-115.0,-47.0,42.0,27.0,-21.0
19520,5.0,31.0,97.0,41.0,31.0,9.0
19560,3.0,108.0,104.0,33.0,13.0,18.0
19600,22.0,-130.0,-40.0,35.0,24.0,-18.0
19640,-13.0,109.0,179.0,28.0,18.0,27.0
19680,-28.0,17.0,33.0,28.0,16.0,-3.0
19720,-15.0,-84.0,14.0,31.0,34.0,-5.0
19760,-56.0,132.0,146.0,26.0,18.0,28.0
19800,-21.0,-54.0,7.0,24.0,14.0,-10.0
19840,-24.0,-37.0,46.0,28.0,20.0,1.0
19880,-57.0,108.0,122.0,25.0,5.0,19.0
19920,-34.0,-100.0,-24.0,33.0,16.0,-20.0
19960,-47.0,6.0,111.0,35.0,15.0,4.0
20000,-59.0,64.0,88.0,32.0,4.0,7.0
20040,-25.0,-86.0,-28.0,41.0,12.0,-36.0
20080,-47.0,27.0,122.0,41.0,7.0,12.0
20120,-45.0,54.0,66.0,42.0,-4.0,-13.0
20160,-15.0,-149.0,-14.0,50.0,7.0,-25.0
20200,-48.0,147.0,143.0,44.0,-4.0,12.0
20240,-11.0,-89.0,-23.0,45.0,-2.0,-25.0
20280,-16.0,-27.0,45.0,49.0,9.0,-13.0
20320,-27.0,72.0,104.0,39.0,-9.0,11.0
20360,-5.0,-67.0,-61.0,42.0,-6.0,-23.0
20400,-4.0,-33.0,57.0,42.0,-4.0,-3.0
20440,-15.0,100.0,76.0,39.0,-20.0,9.0
20480,29.0,-166.0,-83.0,47.0,-8.0,-27.0
20520,-3.0,76.0,97.0,45.0,-10.0,11.0
20560,16.0,-36.0,-6.0,42.0,-21.0,3.0
20600,44.0,-32.0,-27.0,53.0,-14.0,-18.0
20640,33.0,67.0,131.0,49.0,-22.0,17.0
20680,69.0,-58.0,14.0,59.0,-22.0,0.0
20720,6.0,-172.0,-118.0,70.0,-6.0,-5.0
20760,14.0,146.0,195.0,53.0,-16.0,4.0
20800,89.0,-1.0,-87.0,63.0,-12.0,-8.0
20840,117.0,-113.0,-84.0,64.0,-3.0,-2.0
20880,38.0,133.0,128.0,56.0,-16.0,-5.0
20920,71.0,-216.0,-86.0,71.0,0.0,-32.0
20960,24.0,149.0,3.0,63.0,3.0,15.0
21000,68.0,96.0,-5.0,43.0,-13.0,-5.0
21040,135.0,-124.0,-3.0,49.0,2.0,-2.0
21080,75.0,107.0,42.0,49.0,-3.0,46.0
21120,48.0,-40.0,-116.0,56.0,4.0,-39.0
21160,50.0,36.0,74.0,45.0,32.0,18.0
21200,43.0,86.0,13.0,35.0,22.0,46.0
21240,73.0,-35.0,-62.0,29.0,18.0,-13.0
21280,78.0,-8.0,67.0,25.0,13.0,18.0
21320,77.0,102.0,54.0,32.0,-5.0,50.0
21360,71.0,-53.0,-41.0,37.0,23.0,11.0
21400,26.0,65.0,82.0,21.0,44.0,16.0
21440,56.0,35.0,-1.0,20.0,41.0,42.0
21480,69.0,-63.0,-64.0,40.0,48.0,3.0
21520,53.0,108.0,133.0,24.0,30.0,58.0
21560,87.0,32.0,-33.0,14.0,23.0,11.0
21600,85.0,-90.0,-45.0,27.0,54.0,3.0
21640,24.0,139.0,117.0,26.0,46.0,44.0
21680,60.0,-103.0,-41.0,25.0,56.0,15.0
21720,43.0,75.0,50.0,12.0,71.0,23.0
21760,41.0,85.0,20.0,9.0,51.0,36.0
21800,53.0,-87.0,-61.0,22.0,53.0,13.0
21840,11.0,63.0,127.0,19.0,46.0,22.0
21880,15.0,43.0,39.0,15.0,32.0,47.0
21920,43.0,-73.0,-31.0,16.0,63.0,2.0
21960,-7.0,119.0,137.0,3.0,65.0,26.0
22000,10.0,11.0,32.0,7.0,54.0,13.0
22040,7.0,-101.0,-13.0,23.0,51.0,36.0
22080,-25.0,169.0,160.0,4.0,30.0,28.0
22120,-6.0,-126.0,-31.0,2.0,38.0,-30.0
22160,-43.0,61.0,51.0,21.0,51.0,20.0
22200,-41.0,66.0,78.0,23.0,39.0,15.0
22240,9.0,-53.0,-6.0,19.0,49.0,-16.0
22280,-6.0,6.0,50.0,13.0,38.0,15.0
22320,-18.0,122.0,44.0,15.0,20.0,-1.0
22360,4.0,-151.0,-53.0,25.0,32.0,-25.0
22400,-27.0,122.0,122.0,22.0,25.0,19.0
22440,18.0,-33.0,-27.0,21.0,27.0,-34.0
22480,33.0,-67.0,-20.0,26.0,39.0,-14.0
22520,11.0,124.0,80.0,28.0,11.0,10.0
22560,35.0,-50.0,-57.0,35.0,15.0,-43.0
22600,41.0,-57.0,23.0,31.0,21.0,5.0
22640,34.0,140.0,59.0,22.0,2.0,11.0
22680,77.0,-127.0,-112.0,33.0,15.0,-33.0
22720,57.0,71.0,95.0,31.0,9.0,8.0
22760,56.0,35.0,-15.0,35.0,-2.0,5.0
22800,77.0,-105.0,-94.0,41.0,22.0,-39.0
22840,43.0,76.0,75.0,28.0,7.0,20.0
22880,65.0,-5.0,-22.0,33.0,-3.0,-2.0
22920,69.0,-77.0,-68.0,38.0,8.0,-16.0
22960,55.0,112.0,84.0,27.0,-4.0,22.0
23000,83.0,-114.0,-79.0,39.0,7.0,-17.0
23040,55.0,6.0,18.0,38.0,14.0,-2.0
23080,32.0,84.0,35.0,29.0,-7.0,7.0
23120,63.0,-88.0,-75.0,34.0,2.0,-15.0
23160,39.0,-26.0,49.0,34.0,4.0,3.0
23200,24.0,120.0,49.0,29.0,-4.0,4.0
23240,40.0,-177.0,-106.0,35.0,17.0,-16.0
23280,-6.0,156.0,137.0,27.0,6.0,15.0
23320,15.0,-78.0,-52.0,27.0,1.0,-3.0
23360,26.0,-31.0,-3.0,25.0,16.0,-11.0
23400,-21.0,74.0,80.0,20.0,4.0,25.0
23440,-2.0,-1.0,-24.0,24.0,15.0,-20.0
23480,-10.0,-98.0,-16.0,27.0,23.0,19.0
23520,-38.0,177.0,116.0,16.0,8.0,13.0
23560,-7.0,-159.0,-90.0,20.0,23.0,-19.0
23600,-42.0,106.0,95.0,17.0,22.0,21.0
23640,-39.0,22.0,22.0,16.0,10.0,8.0
23680,-22.0,-65.0,-27.0,20.0,21.0,-15.0
23720,-42.0,44.0,92.0,17.0,9.0,27.0
23760,-48.0,54.0,32.0,14.0,11.0,-3.0
23800,-41.0,-149.0,-44.0,22.0,27.0,-13.0
23840,-93.0,160.0,140.0,16.0,14.0,21.0
23880,-62.0,-86.0,-70.0,22.0,14.0,-16.0
23920,-70.0,-43.0,54.0,22.0,19.0,-3.0
23960,-98.0,94.0,104.0,16.0,-1.0,17.0
24000,-77.0,-105.0,-57.0,23.0,10.0,-35.0
24040,-98.0,3.0,93.0,22.0,13.0,12.0
24080,-116.0,85.0,82.0,18.0,0.0,-1.0
24120,-74.0,-152.0,-36.0,26.0,13.0,-26.0
24160,-115.0,114.0,142.0,17.0,3.0,12.0
24200,-96.0,-50.0,7.0,21.0,-7.0,-8.0
24240,-91.0,-31.0,28.0,25.0,5.0,-20.0
24280,-109.0,63.0,124.0,17.0,-9.0,18.0
24320,-88.0,-13.0,11.0,21.0,-10.0,-15.0
24360,-74.0,-70.0,19.0,26.0,-4.0,-12.0
24400,-97.0,140.0,122.0,18.0,-20.0,12.0
24440,-47.0,-93.0,-59.0,26.0,-13.0,-13.0
24480,-64.0,22.0,61.0,25.0,-13.0,-2.0
24520,-53.0,79.0,62.0,19.0,-27.0,11.0
24560,-25.0,-114.0,-68.0,30.0,-19.0,-29.0
24600,-41.0,87.0,95.0,29.0,-22.0,17.0
24640,-24.0,11.0,-18.0,28.0,-34.0,-7.0
24680,9.0,-126.0,-31.0,34.0,-21.0,-18.0
24720,-33.0,112.0,97.0,30.0,-35.0,19.0
24760,-2.0,-11.0,-65.0,37.0,-35.0,-24.0
24800,15.0,-122.0,31.0,39.0,-22.0,-4.0
24840,-35.0,128.0,59.0,34.0,-35.0,19.0
24880,10.0,-230.0,-92.0,38.0,-31.0,-34.0
24920,18.0,205.0,120.0,35.0,-28.0,21.0
24960,46.0,-116.0,-57.0,33.0,-48.0,4.0
25000,47.0,13.0,25.0,35.0,-32.0,-20.0
25040,-1.0,-83.0,23.0,35.0,-29.0,3.0
25080,-8.0,98.0,-13.0,32.0,-31.0,-1.0
25120,36.0,-115.0,-82.0,30.0,-18.0,-27.0
25160,25.0,134.0,113.0,16.0,-37.0,25.0
25200,74.0,-85.0,-58.0,23.0,-45.0,-4.0
25240,44.0,-32.0,-48.0,31.0,-24.0,-26.0
25280,17.0,122.0,87.0,24.0,-26.0,18.0
25320,47.0,-46.0,-76.0,25.0,-10.0,-11.0
25360,41.0,-18.0,-4.0,17.0,-6.0,16.0
25400,37.0,113.0,63.0,9.0,-36.0,12.0
25440,67.0,-162.0,-122.0,22.0,-29.0,-19.0
25480,13.0,141.0,81.0,25.0,-22.0,20.0
25520,12.0,-17.0,-37.0,17.0,-13.0,-14.0
25560,31.0,-117.0,-33.0,19.0,15.0,-13.0
25600,-1.0,136.0,66.0,17.0,0.0,29.0
25640,40.0,-65.0,-57.0,17.0,-11.0,-12.0
25680,28.0,-2.0,11.0,14.0,3.0,5.0
25720,0.0,78.0,51.0,8.0,-3.0,19.0
25760,17.0,-102.0,-49.0,22.0,12.0,-27.0
25800,-25.0,-9.0,59.0,15.0,22.0,13.0
25840,-32.0,107.0,34.0,4.0,13.0,7.0
25880,11.0,-123.0,-77.0,8.0,28.0,-31.0
25920,-24.0,48.0,84.0,1.0,23.0,19.0
25960,-35.0,12.0,34.0,0.0,-1.0,-14.0
26000,-30.0,-98.0,-17.0,3.0,11.0,-1.0
26040,-54.0,104.0,107.0,-5.0,7.0,12.0
26080,-28.0,-44.0,-13.0,-1.0,15.0,-17.0
26120,-48.0,-56.0,9.0,6.0,36.0,-21.0
26160,-73.0,105.0,85.0,3.0,7.0,31.0
26200,-50.0,-98.0,-51.0,3.0,3.0,-19.0
26240,-76.0,-24.0,64.0,-6.0,5.0,-14.0
26280,-85.0,94.0,60.0,-4.0,-10.0,-3.0
26320,-41.0,-141.0,-79.0,15.0,16.0,-31.0
26360,-71.0,86.0,120.0,9.0,11.0,-3.0
26400,-53.0,11.0,5.0,0.0,-6.0,-13.0
26440,-49.0,-98.0,-55.0,8.0,3.0,-42.0
26480,-88.0,118.0,88.0,6.0,-13.0,12.0
26520,-56.0,-60.0,-56.0,12.0,-9.0,-40.0
26560,-41.0,-55.0,2.0,13.0,5.0,-21.0
26600,-60.0,103.0,69.0,2.0,-15.0,-8.0
26640,-21.0,-105.0,-92.0,10.0,-11.0,-42.0
26680,-43.0,9.0,34.0,11.0,-11.0,-16.0
26720,-39.0,73.0,34.0,7.0,-28.0,-8.0
26760,9.0,-119.0,-88.0,14.0,-16.0,-24.0
26800,-18.0,40.0,35.0,12.0,-26.0,9.0
26840,-2.0,42.0,-7.0,13.0,-37.0,-12.0
26880,0.0,-162.0,-120.0,20.0,-16.0,-20.0
26920,-23.0,134.0,56.0,14.0,-27.0,5.0
26960,24.0,-98.0,-109.0,16.0,-30.0,-20.0
27000,34.0,-65.0,-29.0,19.0,-25.0,-16.0
27040,7.0,89.0,31.0,14.0,-48.0,11.0
27080,35.0,-115.0,-131.0,20.0,-31.0,-39.0
27120,27.0,-35.0,9.0,21.0,-20.0,0.0
27160,-1.0,85.0,0.0,17.0,-33.0,7.0
27200,37.0,-117.0,-134.0,25.0,-16.0,-46.0
27240,-8.0,39.0,25.0,18.0,-26.0,11.0
27280,13.0,28.0,-19.0,19.0,-32.0,-15.0
27320,15.0,-139.0,-112.0,23.0,-14.0,-26.0
27360,-11.0,131.0,76.0,10.0,-24.0,14.0
27400,-4.0,-69.0,-80.0,13.0,-27.0,-27.0
27440,-5.0,-52.0,-32.0,13.0,-10.0,-10.0
27480,-37.0,86.0,49.0,7.0,-21.0,-2.0
27520,-21.0,-57.0,-86.0,12.0,-10.0,-27.0
27560,-44.0,-32.0,-14.0,15.0,-4.0,-8.0
27600,-68.0,114.0,57.0,6.0,-22.0,9.0
27640,-34.0,-158.0,-98.0,13.0,-6.0,-35.0
27680,-82.0,68.0,88.0,5.0,-5.0,-5.0
27720,-74.0,25.0,18.0,6.0,-5.0,-9.0
27760,-64.0,-106.0,-65.0,16.0,7.0,-32.0
27800,-91.0,52.0,120.0,4.0,-7.0,9.0
27840,-93.0,-3.0,-5.0,7.0,-11.0,-31.0
27880,-85.0,-115.0,-20.0,12.0,4.0,-24.0
27920,-141.0,147.0,108.0,9.0,-2.0,2.0
27960,-103.0,-134.0,-48.0,14.0,10.0,-39.0
28000,-122.0,5.0,68.0,12.0,11.0,-9.0
28040,-127.0,69.0,68.0,3.0,-11.0,-4.0
28080,-108.0,-129.0,-43.0,6.0,1.0,-45.0
28120,-142.0,45.0,105.0,2.0,1.0,-5.0
28160,-144.0,-11.0,24.0,-2.0,-5.0,-18.0
28200,-122.0,-92.0,-20.0,5.0,8.0,-38.0
28240,-150.0,39.0,94.0,-2.0,-5.0,-8.0
28280,-136.0,-2.0,8.0,-4.0,-13.0,-30.0
28320,-127.0,-134.0,-22.0,3.0,-3.0,-40.0
28360,-155.0,113.0,125.0,-9.0,-17.0,-1.0
28400,-108.0,-133.0,-45.0,-2.0,-17.0,-40.0
28440,-116.0,-15.0,42.0,1.0,-11.0,-26.0
28480,-114.0,35.0,72.0,-4.0,-24.0,-9.0
28520,-91.0,-95.0,-69.0,6.0,-17.0,-56.0
28560,-105.0,-48.0,67.0,5.0,-18.0,-12.0
28600,-110.0,106.0,44.0,1.0,-34.0,-25.0
28640,-61.0,-222.0,-105.0,8.0,-25.0,-50.0
28680,-98.0,151.0,132.0,4.0,-28.0,-12.0
28720,-58.0,-112.0,-57.0,7.0,-34.0,-36.0
28760,-47.0,-46.0,-16.0,9.0,-20.0,-33.0
28800,-64.0,61.0,71.0,-1.0,-38.0,-3.0
28840,-33.0,-100.0,-76.0,6.0,-38.0,-37.0
28880,-49.0,-45.0,-13.0,11.0,-28.0,-23.0
28920,-53.0,54.0,49.0,3.0,-39.0,-7.0
28960,-17.0,-117.0,-106.0,9.0,-26.0,-45.0
29000,-14.0,-3.0,40.0,3.0,-28.0,-4.0
29040,0.0,55.0,7.0,0.0,-50.0,-7.0
29080,39.0,-168.0,-94.0,10.0,-43.0,-36.0
29120,-2.0,101.0,58.0,6.0,-44.0,5.0
29160,27.0,-50.0,-73.0,7.0,-44.0,-20.0
29200,33.0,-87.0,-82.0,11.0,-23.0,-24.0
29240,11.0,85.0,37.0,3.0,-33.0,5.0
29280,44.0,-75.0,-120.0,10.0,-34.0,-40.0
29320,38.0,-59.0,-33.0,12.0,-20.0,-16.0
29360,21.0,113.0,21.0,7.0,-34.0,-8.0
29400,57.0,-151.0,-128.0,11.0,-24.0,-40.0
29440,39.0,86.0,30.0,8.0,-18.0,4.0
29480,39.0,-6.0,-55.0,4.0,-30.0,0.0
29520,51.0,-82.0,-89.0,7.0,-6.0,-29.0
29560,13.0,47.0,28.0,4.0,-4.0,1.0
29600,18.0,5.0,-80.0,5.0,-6.0,-8.0
29640,33.0,-114.0,-64.0,9.0,9.0,-36.0
29680,7.0,140.0,70.0,-2.0,-7.0,26.0
29720,56.0,-116.0,-98.0,1.0,-8.0,-37.0
29760,20.0,22.0,-5.0,0.0,9.0,5.0
29800,20.0,79.0,9.0,-4.0,-1.0,10.0
29840,44.0,-87.0,-100.0,3.0,15.0,-17.0
29880,13.0,28.0,3.0,1.0,21.0,10.0
29920,7.0,81.0,-15.0,-6.0,11.0,-4.0
29960,24.0,-132.0,-132.0,1.0,33.0,-24.0
30000,-13.0,109.0,62.0,-6.0,26.0,1.0
30040,2.0,-43.0,-64.0,-11.0,14.0,-8.0
30080,11.0,-71.0,-67.0,-8.0,26.0,-28.0
30120,-28.0,89.0,57.0,-18.0,9.0,17.0
30160,-11.0,-62.0,-91.0,-13.0,14.0,-39.0
30200,-30.0,-65.0,-20.0,-10.0,29.0,-9.0
30240,-62.0,118.0,43.0,-16.0,13.0,4.0
30280,-31.0,-180.0,-118.0,-9.0,17.0,-45.0
30320,-84.0,75.0,54.0,-14.0,18.0,-4.0
30360,-62.0,8.0,-14.0,-18.0,1.0,-24.0
30400,-44.0,-95.0,-69.0,-12.0,17.0,-32.0
30440,-61.0,59.0,67.0,-19.0,9.0,-6.0
30480,-54.0,-10.0,-34.0,-19.0,0.0,-28.0
30520,-43.0,-75.0,-62.0,-10.0,13.0,-30.0
30560,-78.0,98.0,41.0,-17.0,1.0,-8.0
30600,-33.0,-54.0,-80.0,-14.0,4.0,-31.0
30640,-51.0,-71.0,-54.0,-13.0,9.0,-24.0
30680,-45.0,148.0,41.0,-22.0,-11.0,1.0
30720,-6.0,-179.0,-161.0,-12.0,-6.0,-49.0
30760,-18.0,76.0,50.0,-17.0,-10.0,-4.0
30800,-6.0,-17.0,-34.0,-17.0,-26.0,-18.0
30840,7.0,-82.0,-127.0,-11.0,-13.0,-35.0
30880,-6.0,23.0,31.0,-13.0,-27.0,-1.0
30920,4.0,4.0,-59.0,-7.0,-35.0,-13.0
30960,35.0,-129.0,-100.0,-1.0,-16.0,-32.0
31000,-7.0,94.0,49.0,-9.0,-28.0,16.0
31040,30.0,-81.0,-91.0,-2.0,-24.0,-42.0
31080,29.0,-60.0,-39.0,-1.0,-19.0,-1.0
31120,18.0,100.0,28.0,-11.0,-38.0,3.0
31160,60.0,-101.0,-108.0,-8.0,-32.0,-33.0
31200,33.0,-10.0,-2.0,-7.0,-25.0,2.0
31240,18.0,120.0,-16.0,-9.0,-34.0,-7.0
31280,39.0,-183.0,-139.0,-9.0,-14.0,-28.0
31320,9.0,151.0,58.0,-18.0,-17.0,7.0
31360,28.0,-61.0,-98.0,-23.0,-31.0,-11.0
31400,42.0,-24.0,-80.0,-18.0,-19.0,-19.0
31440,23.0,29.0,20.0,-25.0,-41.0,6.0
31480,37.0,-8.0,-84.0,-21.0,-36.0,-7.0
31520,40.0,-101.0,-64.0,-16.0,-23.0,-21.0
31560,-1.0,111.0,46.0,-25.0,-31.0,27.0
31600,27.0,-143.0,-118.0,-10.0,-14.0,-44.0
31640,-1.0,-4.0,32.0,-10.0,-12.0,11.0
31680,-10.0,28.0,7.0,-11.0,-23.0,-3.0
31720,16.0,-124.0,-68.0,-7.0,-11.0,-43.0
31760,-20.0,20.0,69.0,-9.0,-10.0,8.0
31800,-17.0,-5.0,0.0,-11.0,-15.0,-31.0
31840,-18.0,-142.0,-73.0,-8.0,6.0,-37.0
31880,-52.0,82.0,107.0,-15.0,-1.0,-12.0
31920,-43.0,-54.0,-64.0,-17.0,-1.0,-40.0
31960,-49.0,-99.0,-33.0,-14.0,13.0,-39.0
32000,-101.0,108.0,92.0,-28.0,-1.0,-26.0
32040,-74.0,-164.0,-74.0,-27.0,11.0,-57.0
32080,-105.0,35.0,26.0,-27.0,14.0,-31.0
32120,-107.0,-1.0,44.0,-41.0,-5.0,-33.0
32160,-79.0,-78.0,-59.0,-29.0,3.0,-64.0
32200,-106.0,-45.0,69.0,-34.0,-4.0,-23.0
32240,-125.0,76.0,28.0,-32.0,-9.0,-43.0
32280,-101.0,-211.0,-86.0,-22.0,8.0,-72.0
32320,-135.0,146.0,150.0,-31.0,2.0,-8.0
32360,-117.0,-148.0,-74.0,-22.0,-3.0,-69.0
32400,-118.0,-27.0,26.0,-21.0,7.0,-49.0
32440,-127.0,42.0,72.0,-28.0,-14.0,-20.0
32480,-104.0,-115.0,-46.0,-19.0,-8.0,-67.0
32520,-115.0,-38.0,59.0,-18.0,2.0,-35.0
32560,-121.0,75.0,59.0,-24.0,-11.0,-28.0
32600,-96.0,-170.0,-119.0,-13.0,1.0,-56.0
32640,-121.0,80.0,124.0,-20.0,-1.0,-11.0
32680,-113.0,-23.0,-37.0,-24.0,-20.0,-34.0
32720,-87.0,-103.0,-54.0,-21.0,-9.0,-33.0
32760,-122.0,75.0,89.0,-26.0,-23.0,-7.0
32800,-85.0,-66.0,-53.0,-24.0,-26.0,-32.0
32840,-72.0,-68.0,-27.0,-22.0,-13.0,-23.0
32880,-96.0,72.0,68.0,-27.0,-31.0,8.0
32920,-65.0,-103.0,-110.0,-18.0,-32.0,-28.0
32960,-75.0,-48.0,16.0,-21.0,-27.0,0.0
33000,-92.0,73.0,15.0,-20.0,-41.0,3.0
33040,-48.0,-156.0,-115.0,-11.0,-27.0,-27.0
33080,-58.0,64.0,63.0,-12.0,-30.0,16.0
33120,-40.0,-6.0,-33.0,-12.0,-51.0,-7.0
33160,-8.0,-95.0,-78.0,-7.0,-38.0,-8.0
33200,-33.0,102.0,36.0,-8.0,-43.0,16.0
33240,-3.0,-46.0,-82.0,-11.0,-43.0,6.0
33280,0.0,-34.0,-47.0,-5.0,-26.0,0.0
33320,-23.0,105.0,2.0,-12.0,-43.0,40.0
33360,24.0,-35.0,-110.0,-14.0,-38.0,-3.0
33400,15.0,5.0,-28.0,-11.0,-27.0,21.0
33440,4.0,117.0,18.0,-22.0,-39.0,38.0
33480,30.0,-87.0,-132.0,-21.0,-31.0,-1.0
33520,17.0,94.0,29.0,-26.0,-32.0,50.0
33560,24.0,31.0,-43.0,-34.0,-43.0,38.0
33600,36.0,-70.0,-92.0,-25.0,-22.0,8.0
33640,-5.0,103.0,16.0,-29.0,-23.0,56.0
33680,12.0,7.0,-80.0,-27.0,-25.0,13.0
33720,19.0,-67.0,-64.0,-22.0,-8.0,25.0
33760,-2.0,162.0,64.0,-32.0,-32.0,48.0
33800,35.0,-77.0,-127.0,-26.0,-28.0,4.0
33840,9.0,36.0,10.0,-23.0,-14.0,36.0
33880,-7.0,121.0,5.0,-27.0,-22.0,43.0
33920,28.0,-98.0,-112.0,-23.0,-6.0,7.0
33960,-11.0,110.0,24.0,-28.0,-2.0,51.0
34000,4.0,53.0,-42.0,-33.0,-14.0,21.0
34040,10.0,-88.0,-100.0,-27.0,5.0,11.0
34080,-28.0,129.0,72.0,-40.0,-3.0,38.0
34120,-16.0,-35.0,-74.0,-40.0,-8.0,14.0
34160,-8.0,-23.0,-46.0,-41.0,5.0,10.0
34200,-34.0,88.0,40.0,-52.0,-12.0,30.0
34240,-14.0,-52.0,-83.0,-45.0,-7.0,-6.0
34280,-49.0,-43.0,-22.0,-42.0,5.0,3.0
34320,-73.0,143.0,36.0,-52.0,-12.0,14.0
34360,-46.0,-161.0,-133.0,-42.0,-2.0,-24.0
34400,-88.0,112.0,72.0,-48.0,-4.0,4.0
34440,-82.0,-14.0,-33.0,-47.0,-19.0,-13.0
34480,-75.0,-49.0,-71.0,-38.0,0.0,-30.0
34520,-110.0,48.0,41.0,-43.0,-8.0,-7.0
34560,-97.0,58.0,-24.0,-45.0,-16.0,-25.0
34600,-88.0,-131.0,-100.0,-37.0,-1.0,-37.0
34640,-119.0,199.0,89.0,-44.0,-21.0,4.0
34680,-85.0,-139.0,-138.0,-34.0,-15.0,-47.0
34720,-100.0,43.0,24.0,-35.0,-5.0,-11.0
34760,-107.0,62.0,18.0,-39.0,-25.0,-6.0
34800,-65.0,-83.0,-92.0,-34.0,-12.0,-36.0
34840,-80.0,4.0,35.0,-33.0,-19.0,-1.0
34880,-76.0,87.0,1.0,-37.0,-37.0,-8.0
34920,-36.0,-183.0,-111.0,-25.0,-24.0,-38.0
34960,-72.0,163.0,83.0,-33.0,-40.0,22.0
35000,-29.0,-114.0,-75.0,-29.0,-43.0,-28.0
35040,-37.0,-12.0,-41.0,-23.0,-26.0,-9.0
35080,-32.0,25.0,26.0,-29.0,-41.0,16.0
35120,-15.0,-24.0,-79.0,-23.0,-38.0,-21.0
35160,-3.0,-87.0,-28.0,-24.0,-37.0,-1.0
35200,-29.0,137.0,24.0,-33.0,-57.0,16.0
35240,22.0,-157.0,-151.0,-23.0,-44.0,-28.0
35280,-16.0,63.0,41.0,-25.0,-39.0,15.0
35320,-7.0,29.0,-17.0,-28.0,-46.0,2.0
35360,7.0,-75.0,-122.0,-21.0,-32.0,-16.0
35400,-6.0,65.0,59.0,-32.0,-42.0,31.0
35440,3.0,45.0,-52.0,-31.0,-54.0,4.0
35480,23.0,-143.0,-87.0,-27.0,-42.0,3.0
35520,-21.0,214.0,100.0,-39.0,-55.0,37.0
35560,18.0,-154.0,-154.0,-32.0,-47.0,-7.0
35600,-4.0,63.0,21.0,-32.0,-36.0,22.0
35640,-10.0,41.0,12.0,-41.0,-51.0,23.0
35680,7.0,-65.0,-119.0,-34.0,-35.0,-4.0
35720,-8.0,27.0,8.0,-40.0,-32.0,27.0
35760,-24.0,61.0,0.0,-42.0,-43.0,20.0
35800,5.0,-128.0,-119.0,-37.0,-25.0,-8.0
35840,-38.0,100.0,57.0,-42.0,-29.0,29.0
35880,-29.0,-30.0,-73.0,-39.0,-28.0,-8.0
35920,-29.0,-87.0,-60.0,-35.0,-13.0,-14.0
35960,-65.0,117.0,47.0,-42.0,-26.0,19.0
36000,-42.0,-77.0,-79.0,-38.0,-22.0,-33.0
36040,-59.0,-32.0,-12.0,-35.0,-11.0,-2.0
36080,-82.0,119.0,61.0,-40.0,-20.0,0.0
36120,-73.0,-145.0,-113.0,-35.0,-9.0,-30.0
36160,-98.0,72.0,94.0,-39.0,-9.0,-4.0
36200,-118.0,14.0,-13.0,-45.0,-26.0,0.0
36240,-88.0,-68.0,-66.0,-39.0,-11.0,-44.0
36280,-125.0,29.0,73.0,-45.0,-17.0,8.0
36320,-128.0,28.0,0.0,-46.0,-23.0,-21.0
36360,-122.0,-157.0,-74.0,-42.0,-7.0,-32.0
36400,-164.0,171.0,113.0,-51.0,-21.0,15.0
36440,-127.0,-166.0,-117.0,-46.0,-19.0,-35.0
36480,-139.0,45.0,49.0,-44.0,-9.0,-17.0
36520,-148.0,-9.0,4.0,-46.0,-29.0,8.0
36560,-126.0,-37.0,-72.0,-39.0,-22.0,-50.0
36600,-132.0,-51.0,2.0,-36.0,-18.0,-3.0
36640,-139.0,120.0,30.0,-40.0,-30.0,-14.0
36680,-95.0,-190.0,-142.0,-24.0,-14.0,-43.0
36720,-132.0,168.0,88.0,-31.0,-19.0,3.0
36760,-102.0,-96.0,-84.0,-29.0,-33.0,-23.0
36800,-93.0,1.0,-59.0,-23.0,-19.0,-22.0
36840,-100.0,31.0,32.0,-28.0,-33.0,9.0
36880,-75.0,21.0,-66.0,-25.0,-35.0,-18.0
36920,-59.0,-119.0,-81.0,-20.0,-21.0,0.0
36960,-94.0,182.0,64.0,-35.0,-36.0,14.0
37000,-43.0,-181.0,-147.0,-26.0,-27.0,-9.0
37040,-80.0,96.0,44.0,-31.0,-24.0,21.0
37080,-69.0,-12.0,-48.0,-39.0,-40.0,23.0
37120,-48.0,-56.0,-99.0,-30.0,-28.0,-13.0
37160,-43.0,17.0,49.0,-37.0,-34.0,45.0
37200,-38.0,75.0,-33.0,-39.0,-49.0,13.0
37240,3.0,-151.0,-107.0,-31.0,-32.0,-5.0
37280,-37.0,197.0,68.0,-36.0,-40.0,49.0
37320,14.0,-155.0,-159.0,-28.0,-37.0,-4.0
37360,-3.0,44.0,-20.0,-28.0,-19.0,21.0
37400,0.0,40.0,-42.0,-35.0,-40.0,29.0
37440,25.0,-45.0,-148.0,-29.0,-33.0,-9.0
37480,26.0,7.0,-39.0,-24.0,-24.0,17.0
37520,14.0,56.0,-30.0,-30.0,-36.0,10.0
37560,52.0,-74.0,-151.0,-21.0,-17.0,-4.0
37600,26.0,84.0,-18.0,-24.0,-21.0,30.0
37640,55.0,47.0,-91.0,-30.0,-33.0,24.0
37680,65.0,-87.0,-125.0,-27.0,-12.0,-1.0
37720,39.0,151.0,8.0,-34.0,-20.0,44.0
37760,58.0,-63.0,-156.0,-32.0,-18.0,7.0
37800,48.0,9.0,-88.0,-33.0,-2.0,19.0
37840,8.0,54.0,2.0,-43.0,-19.0,30.0
37880,16.0,-34.0,-142.0,-41.0,-5.0,-13.0
37920,9.0,24.0,-54.0,-43.0,8.0,22.0
37960,15.0,123.0,-30.0,-50.0,-12.0,29.0
38000,47.0,-118.0,-144.0,-41.0,-1.0,-9.0
38040,22.0,131.0,29.0,-46.0,-4.0,37.0
38080,17.0,35.0,-112.0,-47.0,-9.0,3.0
38120,16.0,-64.0,-115.0,-44.0,25.0,-3.0
38160,-29.0,141.0,32.0,-52.0,20.0,28.0
38200,5.0,-61.0,-126.0,-55.0,10.0,-11.0
38240,-7.0,-22.0,-56.0,-54.0,12.0,3.0
38280,-21.0,111.0,24.0,-64.0,-15.0,25.0
38320,1.0,-105.0,-121.0,-58.0,-3.0,-30.0
38360,-26.0,46.0,4.0,-56.0,17.0,17.0
38400,-41.0,59.0,-27.0,-60.0,8.0,2.0
38440,-18.0,-101.0,-109.0,-61.0,21.0,-5.0
38480,-57.0,78.0,17.0,-65.0,5.0,21.0
38520,-53.0,-10.0,-67.0,-68.0,-18.0,0.0
38560,-49.0,-74.0,-75.0,-59.0,-2.0,-20.0
38600,-90.0,56.0,22.0,-63.0,-9.0,13.0
38640,-84.0,-18.0,-83.0,-59.0,-3.0,-28.0
38680,-87.0,-92.0,-84.0,-59.0,8.0,-13.0
38720,-104.0,150.0,32.0,-65.0,-21.0,19.0
38760,-60.0,-134.0,-164.0,-55.0,-25.0,-27.0
38800,-81.0,55.0,3.0,-51.0,-23.0,3.0
38840,-90.0,28.0,-41.0,-51.0,-34.0,-4.0
38880,-64.0,-57.0,-120.0,-42.0,-9.0,-29.0
38920,-72.0,27.0,-3.0,-43.0,-12.0,14.0
38960,-55.0,83.0,-42.0,-51.0,-34.0,-8.0
39000,-5.0,-139.0,-140.0,-45.0,-30.0,-14.0
39040,-35.0,142.0,49.0,-49.0,-50.0,23.0
39080,8.0,-81.0,-111.0,-43.0,-50.0,-17.0
39120,-7.0,-42.0,-68.0,-36.0,-27.0,-2.0
39160,-12.0,134.0,0.0,-43.0,-38.0,26.0
39200,27.0,-129.0,-159.0,-35.0,-29.0,-19.0
39240,18.0,71.0,-10.0,-36.0,-32.0,27.0
39280,14.0,16.0,-51.0,-43.0,-57.0,13.0
39320,42.0,-27.0,-153.0,-32.0,-42.0,-7.0
39360,29.0,-24.0,-15.0,-38.0,-40.0,19.0
39400,15.0,118.0,-48.0,-40.0,-42.0,0.0
39440,46.0,-169.0,-191.0,-30.0,-21.0,-18.0
39480,-1.0,213.0,12.0,-39.0,-35.0,32.0
39520,34.0,-110.0,-166.0,-37.0,-42.0,-19.0
39560,21.0,37.0,-77.0,-37.0,-32.0,4.0
39600,6.0,84.0,-50.0,-41.0,-47.0,31.0
39640,31.0,-45.0,-146.0,-35.0,-31.0,-14.0
39680,15.0,14.0,-38.0,-36.0,-18.0,30.0
39720,7.0,100.0,-20.0,-44.0,-36.0,27.0
39760,30.0,-63.0,-171.0,-36.0,-24.0,0.0
39800,20.0,60.0,19.0,-40.0,-26.0,40.0
39840,1.0,60.0,-49.0,-44.0,-32.0,23.0
39880,18.0,-98.0,-124.0,-38.0,-5.0,9.0
39920,-30.0,129.0,39.0,-46.0,-11.0,49.0
39960,-1.0,-30.0,-90.0,-48.0,-9.0,9.0
40000,-4.0,-41.0,-63.0,-45.0,2.0,13.0
40040,-40.0,125.0,39.0,-56.0,-18.0,39.0
40080,-28.0,-77.0,-124.0,-50.0,-9.0,-16.0
40120,-56.0,7.0,3.0,-51.0,5.0,24.0
40160,-79.0,109.0,25.0,-58.0,-5.0,12.0
40200,-68.0,-107.0,-142.0,-54.0,11.0,-12.0
40240,-86.0,107.0,56.0,-55.0,4.0,17.0
40280,-102.0,-4.0,-35.0,-58.0,-15.0,4.0
40320,-90.0,-23.0,-64.0,-53.0,-3.0,-14.0
40360,-141.0,50.0,28.0,-62.0,-14.0,18.0
40400,-135.0,34.0,-34.0,-62.0,-13.0,-3.0
40440,-124.0,-103.0,-66.0,-53.0,2.0,-12.0
40480,-160.0,153.0,71.0,-61.0,-15.0,26.0
40520,-136.0,-104.0,-119.0,-56.0,-17.0,-29.0
40560,-148.0,21.0,33.0,-52.0,-13.0,10.0
40600,-172.0,46.0,6.0,-57.0,-32.0,8.0
40640,-147.0,-79.0,-84.0,-51.0,-21.0,-29.0
40680,-162.0,17.0,44.0,-49.0,-16.0,17.0
40720,-158.0,49.0,-4.0,-51.0,-32.0,-2.0
40760,-126.0,-142.0,-86.0,-42.0,-18.0,-25.0
40800,-153.0,125.0,84.0,-48.0,-30.0,17.0
40840,-128.0,-114.0,-63.0,-44.0,-41.0,-14.0
40880,-132.0,3.0,-21.0,-39.0,-27.0,-19.0
40920,-140.0,13.0,42.0,-45.0,-42.0,14.0
40960,-118.0,17.0,-70.0,-42.0,-39.0,-19.0
41000,-100.0,-123.0,-35.0,-35.0,-31.0,0.0
41040,-133.0,176.0,55.0,-47.0,-54.0,16.0
41080,-80.0,-187.0,-140.0,-38.0,-48.0,-28.0
41120,-115.0,130.0,64.0,-40.0,-43.0,22.0
41160,-93.0,-44.0,-58.0,-43.0,-56.0,6.0
41200,-74.0,-54.0,-65.0,-33.0,-35.0,-14.0
41240,-82.0,54.0,50.0,-41.0,-48.0,24.0
41280,-66.0,15.0,-47.0,-45.0,-63.0,5.0
41320,-36.0,-70.0,-68.0,-39.0,-51.0,2.0
41360,-60.0,89.0,56.0,-43.0,-65.0,37.0
41400,-34.0,-83.0,-117.0,-35.0,-57.0,-12.0
41440,-50.0,-5.0,-52.0,-33.0,-35.0,10.0
41480,-46.0,91.0,-20.0,-46.0,-51.0,25.0
41520,-7.0,-104.0,-160.0,-39.0,-45.0,-15.0
41560,-15.0,33.0,-31.0,-41.0,-45.0,6.0
41600,-1.0,66.0,-57.0,-42.0,-59.0,8.0
41640,23.0,-110.0,-159.0,-29.0,-35.0,-18.0
41680,-4.0,124.0,47.0,-36.0,-36.0,20.0
41720,14.0,-36.0,-135.0,-36.0,-41.0,0.0
41760,28.0,-44.0,-99.0,-31.0,-20.0,-7.0
41800,13.0,114.0,28.0,-38.0,-33.0,38.0
41840,31.0,-75.0,-120.0,-38.0,-30.0,-22.0
41880,13.0,17.0,-16.0,-40.0,-14.0,19.0
41920,-22.0,54.0,-5.0,-42.0,-27.0,14.0
41960,4.0,-78.0,-84.0,-40.0,-10.0,-17.0
42000,-14.0,74.0,43.0,-51.0,-7.0,27.0
42040,-4.0,58.0,-39.0,-57.0,-25.0,25.0
42080,9.0,-95.0,-82.0,-50.0,-8.0,-11.0
42120,-31.0,92.0,46.0,-54.0,-11.0,29.0
42160,-31.0,-37.0,-92.0,-55.0,-8.0,-6.0
42200,-25.0,-24.0,-78.0,-55.0,19.0,-3.0
42240,-33.0,73.0,4.0,-65.0,0.0,18.0
42280,-7.0,-78.0,-104.0,-66.0,-5.0,-26.0
42320,-19.0,-1.0,-52.0,-59.0,-1.0,-1.0
42360,-24.0,49.0,-28.0,-61.0,-17.0,15.0
42400,-3.0,-70.0,-103.0,-57.0,5.0,-46.0
42440,-29.0,11.0,-17.0,-57.0,16.0,5.0
42480,-40.0,90.0,-55.0,-54.0,3.0,-9.0
42520,-8.0,-111.0,-141.0,-47.0,14.0,-27.0
42560,-35.0,99.0,45.0,-54.0,-2.0,10.0
42600,-25.0,-17.0,-74.0,-56.0,-16.0,-14.0
42640,-41.0,-53.0,-66.0,-49.0,3.0,-25.0
42680,-84.0,104.0,40.0,-58.0,-3.0,12.0
42720,-71.0,-53.0,-81.0,-57.0,5.0,-32.0
42760,-79.0,6.0,-27.0,-61.0,11.0,8.0
42800,-93.0,111.0,24.0,-71.0,-25.0,16.0
42840,-74.0,-76.0,-107.0,-62.0,-28.0,-19.0
42880,-99.0,51.0,23.0,-59.0,-24.0,15.0
42920,-101.0,47.0,-13.0,-67.0,-28.0,12.0
42960,-77.0,-89.0,-82.0,-61.0,0.0,-16.0
43000,-92.0,77.0,42.0,-67.0,-19.0,34.0
43040,-64.0,-5.0,-44.0,-66.0,-45.0,-2.0
43080,-39.0,-70.0,-55.0,-57.0,-42.0,1.0
43120,-53.0,65.0,60.0,-62.0,-54.0,22.0
43160,-20.0,-39.0,-70.0,-47.0,-41.0,-13.0
43200,-14.0,-65.0,-37.0,-40.0,-25.0,17.0
43240,-14.0,147.0,49.0,-49.0,-46.0,29.0
43280,37.0,-155.0,-130.0,-44.0,-38.0,-12.0
43320,36.0,82.0,30.0,-43.0,-44.0,41.0
43360,40.0,3.0,-46.0,-42.0,-65.0,17.0
43400,64.0,-47.0,-90.0,-37.0,-41.0,2.0
43440,45.0,27.0,8.0,-41.0,-42.0,34.0
43480,50.0,62.0,-68.0,-45.0,-43.0,10.0
43520,70.0,-96.0,-133.0,-41.0,-24.0,3.0
43560,41.0,160.0,30.0,-52.0,-51.0,48.0
43600,75.0,-65.0,-134.0,-46.0,-56.0,-2.0
43640,63.0,10.0,-52.0,-45.0,-45.0,22.0
43680,43.0,98.0,-11.0,-53.0,-52.0,33.0
43720,57.0,-69.0,-126.0,-46.0,-27.0,-9.0
43760,41.0,58.0,-9.0,-45.0,-24.0,31.0
43800,35.0,66.0,-37.0,-50.0,-45.0,23.0
43840,63.0,-66.0,-101.0,-41.0,-35.0,-8.0
43880,32.0,69.0,44.0,-44.0,-42.0,36.0
43920,30.0,30.0,-30.0,-41.0,-39.0,6.0
43960,31.0,-63.0,-67.0,-34.0,-9.0,1.0
44000,5.0,104.0,80.0,-42.0,-18.0,39.0
44040,23.0,-26.0,-76.0,-41.0,-14.0,-2.0
44080,22.0,-49.0,-24.0,-41.0,-5.0,9.0
44120,-16.0,120.0,59.0,-49.0,-18.0,25.0
44160,0.0,-128.0,-111.0,-44.0,0.0,-26.0
44200,-29.0,45.0,41.0,-46.0,12.0,13.0
44240,-46.0,22.0,-8.0,-56.0,0.0,4.0
44280,-29.0,-85.0,-95.0,-51.0,15.0,-36.0
44320,-49.0,37.0,48.0,-60.0,1.0,14.0
44360,-58.0,19.0,-23.0,-61.0,-9.0,-19.0
44400,-55.0,-134.0,-71.0,-53.0,8.0,-30.0
44440,-97.0,132.0,106.0,-60.0,0.0,7.0
44480,-81.0,-123.0,-73.0,-54.0,5.0,-35.0
44520,-94.0,13.0,35.0,-49.0,17.0,-16.0
44560,-118.0,38.0,51.0,-54.0,-5.0,-2.0
44600,-97.0,-52.0,-39.0,-46.0,0.0,-36.0
44640,-115.0,-32.0,55.0,-44.0,1.0,1.0
44680,-148.0,75.0,74.0,-49.0,-10.0,-6.0
44720,-130.0,-115.0,-74.0,-40.0,11.0,-36.0
44760,-146.0,77.0,93.0,-41.0,10.0,15.0
44800,-149.0,-21.0,-29.0,-43.0,-5.0,-9.0
44840,-123.0,-66.0,-17.0,-39.0,6.0,-31.0
44880,-158.0,74.0,43.0,-44.0,-14.0,19.0
44920,-133.0,-45.0,-62.0,-38.0,-14.0,-29.0
44960,-126.0,-57.0,-10.0,-33.0,2.0,-11.0
45000,-136.0,95.0,58.0,-42.0,-17.0,13.0
45040,-97.0,-85.0,-114.0,-33.0,-16.0,-29.0
45080,-94.0,2.0,5.0,-31.0,-15.0,4.0
45120,-104.0,-9.0,-28.0,-35.0,-36.0,11.0
45160,-104.0,-37.0,-80.0,-31.0,-18.0,-41.0
45200,-51.0,38.0,144.0,-33.0,-16.0,19.0
45240,-81.0,61.0,-146.0,-28.0,-30.0,13.0
45280,-17.0,-167.0,-70.0,-21.0,-16.0,-21.0
45320,-59.0,172.0,203.0,-27.0,-41.0,60.0
45360,-17.0,-132.0,-186.0,-23.0,-48.0,-2.0
45400,-33.0,102.0,0.0,-35.0,-24.0,13.0
45440,-14.0,20.0,54.0,-35.0,-33.0,46.0
45480,-4.0,-137.0,-155.0,-24.0,-24.0,11.0
45520,-28.0,37.0,-2.0,-28.0,-22.0,23.0
45560,-41.0,40.0,-3.0,-38.0,-44.0,2.0
45600,10.0,-57.0,-131.0,-38.0,-32.0,28.0
45640,-1.0,57.0,-32.0,-33.0,-38.0,20.0
45680,15.0,-35.0,-27.0,-34.0,-52.0,-3.0
45720,42.0,-12.0,-115.0,-22.0,-26.0,18.0
45760,15.0,78.0,-82.0,-18.0,-28.0,32.0
45800,30.0,27.0,-50.0,-30.0,-28.0,-13.0
45840,43.0,-72.0,-131.0,-27.0,-17.0,6.0
45880,20.0,98.0,-12.0,-21.0,-38.0,23.0
45920,39.0,22.0,-156.0,-23.0,-30.0,-17.0
45960,66.0,-62.0,-68.0,-25.0,-12.0,12.0
46000,30.0,221.0,18.0,-30.0,-30.0,22.0
46040,56.0,-182.0,-163.0,-19.0,-15.0,-25.0
46080,20.0,211.0,-4.0,-28.0,-12.0,53.0
46120,44.0,11.0,-113.0,-35.0,-18.0,4.0
46160,59.0,-6.0,-60.0,-31.0,8.0,2.0
46200,20.0,60.0,12.0,-37.0,-11.0,51.0
46240,9.0,35.0,-98.0,-43.0,-13.0,4.0
46280,27.0,-29.0,-56.0,-44.0,7.0,-4.0
46320,14.0,95.0,8.0,-53.0,-7.0,60.0
46360,20.0,-57.0,-119.0,-53.0,3.0,-34.0
46400,-11.0,-5.0,-3.0,-55.0,8.0,12.0
46440,-22.0,95.0,-37.0,-58.0,-16.0,42.0
46480,-4.0,-136.0,-135.0,-54.0,3.0,-32.0
46520,-32.0,100.0,82.0,-60.0,10.0,0.0
46560,-24.0,-34.0,-93.0,-51.0,-2.0,10.0
46600,-30.0,-62.0,-67.0,-40.0,18.0,-29.0
46640,-59.0,66.0,95.0,-60.0,6.0,5.0
46680,-49.0,-30.0,-91.0,-55.0,-3.0,-22.0
46720,-40.0,-58.0,-52.0,-45.0,12.0,-7.0
46760,-72.0,96.0,76.0,-51.0,-6.0,8.0
46800,-53.0,-114.0,-92.0,-42.0,0.0,-31.0
46840,-86.0,27.0,18.0,-46.0,12.0,-5.0
46880,-96.0,79.0,7.0,-53.0,-7.0,-1.0
46920,-64.0,-131.0,-101.0,-47.0,1.0,-15.0
46960,-83.0,111.0,68.0,-49.0,-9.0,3.0
47000,-77.0,-45.0,-57.0,-55.0,-27.0,-9.0
47040,-58.0,-42.0,-58.0,-44.0,-7.0,-16.0
47080,-77.0,39.0,39.0,-49.0,-13.0,-1.0
47120,-61.0,-27.0,-45.0,-49.0,-18.0,-30.0
47160,-51.0,-60.0,-64.0,-38.0,-11.0,-27.0
47200,-56.0,69.0,16.0,-42.0,-34.0,6.0
47240,-26.0,-85.0,-74.0,-38.0,-30.0,-56.0
47280,-33.0,-61.0,6.0,-37.0,-27.0,-8.0
47320,-42.0,116.0,-15.0,-32.0,-41.0,-19.0
47360,19.0,-174.0,-131.0,-28.0,-25.0,-52.0
47400,12.0,69.0,61.0,-29.0,-27.0,3.0
47440,20.0,-34.0,-71.0,-29.0,-40.0,-33.0
47480,30.0,-43.0,-112.0,-21.0,-20.0,-43.0
47520,26.0,10.0,3.0,-25.0,-33.0,15.0
47560,37.0,2.0,-75.0,-24.0,-36.0,-29.0
47600,69.0,-111.0,-101.0,-26.0,-21.0,-27.0
47640,58.0,115.0,27.0,-34.0,-45.0,26.0
47680,86.0,-125.0,-140.0,-25.0,-37.0,-42.0
47720,77.0,10.0,-6.0,-26.0,-29.0,1.0
47760,72.0,48.0,-23.0,-33.0,-46.0,14.0
47800,93.0,-84.0,-131.0,-23.0,-26.0,-37.0
47840,81.0,41.0,10.0,-22.0,-29.0,19.0
47880,81.0,8.0,-36.0,-29.0,-44.0,6.0
47920,84.0,-61.0,-106.0,-21.0,-23.0,-29.0
47960,64.0,59.0,39.0,-27.0,-27.0,17.0
48000,65.0,14.0,-72.0,-23.0,-30.0,-15.0
48040,74.0,-103.0,-72.0,-16.0,-13.0,-12.0
48080,32.0,120.0,67.0,-28.0,-25.0,11.0
48120,51.0,-81.0,-114.0,-25.0,-14.0,-27.0
48160,39.0,0.0,-20.0,-20.0,1.0,9.0
48200,10.0,65.0,29.0,-29.0,-14.0,2.0
48240,14.0,-104.0,-118.0,-23.0,0.0,-30.0
48280,-10.0,47.0,27.0,-25.0,4.0,12.0
48320,-24.0,-10.0,-8.0,-32.0,-11.0,-11.0
48360,-9.0,-74.0,-45.0,-30.0,7.0,-25.0
48400,-31.0,47.0,65.0,-39.0,-2.0,12.0
48440,-39.0,-19.0,-32.0,-38.0,-3.0,-22.0
48480,-33.0,-101.0,-5.0,-30.0,18.0,-22.0
48520,-81.0,99.0,102.0,-40.0,4.0,13.0
48560,-61.0,-97.0,-52.0,-38.0,9.0,-36.0
48600,-82.0,5.0,24.0,-34.0,16.0,-3.0
48640,-80.0,29.0,60.0,-40.0,-5.0,0.0
48680,-87.0,-88.0,-23.0,-36.0,9.0,-33.0
48720,-97.0,-20.0,75.0,-34.0,14.0,-8.0
48760,-137.0,32.0,28.0,-41.0,0.0,-2.0
48800,-108.0,-116.0,-17.0,-33.0,19.0,-50.0
48840,-133.0,43.0,111.0,-35.0,10.0,10.0
48880,-123.0,-19.0,-27.0,-32.0,-3.0,-18.0
48920,-115.0,-112.0,-22.0,-23.0,13.0,-40.0
48960,-144.0,70.0,128.0,-28.0,-3.0,15.0
49000,-134.0,-90.0,-56.0,-22.0,-1.0,-38.0
49040,-121.0,-11.0,65.0,-18.0,15.0,-25.0
49080,-125.0,30.0,93.0,-25.0,-6.0,11.0
49120,-100.0,-101.0,-43.0,-16.0,3.0,-45.0
49160,-100.0,36.0,98.0,-15.0,4.0,2.0
49200,-102.0,11.0,7.0,-23.0,-16.0,3.0
49240,-66.0,-147.0,-68.0,-12.0,3.0,-41.0
49280,-98.0,133.0,75.0,-22.0,-2.0,11.0
49320,-44.0,-144.0,-6.0,-23.0,-10.0,-20.0
49360,-46.0,143.0,-49.0,-10.0,4.0,-10.0
49400,-34.0,-188.0,-37.0,-17.0,-15.0,0.0
49440,-24.0,209.0,77.0,-16.0,-18.0,-5.0
49480,4.0,-307.0,-188.0,-6.0,-4.0,-9.0
49520,-16.0,337.0,149.0,-21.0,-17.0,25.0
49560,43.0,-252.0,-193.0,-6.0,-8.0,-36.0
49600,42.0,86.0,70.0,-9.0,0.0,31.0
49640,34.0,44.0,-31.0,-8.0,-23.0,0.0
49680,56.0,-140.0,-119.0,0.0,-2.0,-35.0
49720,42.0,166.0,94.0,-9.0,-7.0,49.0
49760,59.0,-87.0,-73.0,-11.0,-18.0,1.0
49800,66.0,10.0,-20.0,-3.0,7.0,-24.0
49840,61.0,66.0,41.0,-14.0,-7.0,49.0
49880,77.0,15.0,-116.0,-1.0,-1.0,-18.0
49920,93.0,-31.0,0.0,-9.0,8.0,23.0
49960,71.0,103.0,-1.0,-15.0,-10.0,25.0
50000,84.0,-87.0,-109.0,-9.0,3.0,-17.0
50040,54.0,93.0,8.0,-12.0,19.0,32.0
50080,69.0,32.0,-60.0,-21.0,5.0,17.0
50120,93.0,-34.0,-79.0,-18.0,17.0,-8.0
50160,74.0,70.0,13.0,-15.0,2.0,41.0
50200,62.0,16.0,-77.0,-10.0,-10.0,7.0
50240,74.0,24.0,-71.0,-14.0,27.0,-7.0
50280,65.0,77.0,21.0,-17.0,24.0,40.0
50320,87.0,7.0,-80.0,-9.0,23.0,25.0
50360,93.0,2.0,-32.0,-13.0,30.0,13.0
50400,55.0,83.0,24.0,-22.0,0.0,43.0
50440,64.0,-27.0,-97.0,-17.0,20.0,12.0
50480,43.0,20.0,11.0,-19.0,41.0,18.0
50520,22.0,55.0,19.0,-29.0,29.0,34.0
50560,27.0,-58.0,-88.0,-24.0,43.0,-14.0
50600,4.0,75.0,32.0,-28.0,31.0,49.0
50640,15.0,40.0,-13.0,-39.0,17.0,10.0
50680,8.0,-111.0,-61.0,-31.0,38.0,-9.0
50720,-31.0,160.0,73.0,-33.0,25.0,53.0
50760,-15.0,-102.0,-90.0,-35.0,34.0,-22.0
50800,-24.0,34.0,26.0,-35.0,49.0,15.0
50840,-39.0,29.0,29.0,-43.0,26.0,19.0
50880,-15.0,-11.0,-54.0,-32.0,27.0,-19.0
50920,-17.0,-48.0,9.0,-26.0,22.0,20.0
50960,-48.0,101.0,72.0,-35.0,6.0,-6.0
51000,-15.0,-129.0,-60.0,-26.0,31.0,-25.0
51040,-36.0,101.0,65.0,-25.0,26.0,39.0
51080,-18.0,-15.0,-12.0,-22.0,13.0,-13.0
51120,-12.0,-41.0,-20.0,-17.0,25.0,-18.0
51160,-26.0,46.0,69.0,-25.0,4.0,28.0
51200,-27.0,-11.0,-44.0,-19.0,4.0,-34.0
51240,-14.0,-84.0,-17.0,-16.0,21.0,-18.0
51280,-30.0,110.0,86.0,-20.0,-2.0,4.0
51320,17.0,-111.0,-104.0,-12.0,9.0,-38.0
51360,13.0,21.0,19.0,-15.0,9.0,-3.0
51400,11.0,23.0,25.0,-16.0,-14.0,-11.0
51440,26.0,-90.0,-90.0,-4.0,2.0,-47.0
51480,13.0,60.0,20.0,-8.0,-1.0,6.0
51520,42.0,-1.0,-31.0,-8.0,-11.0,-20.0
51560,81.0,-82.0,-69.0,0.0,4.0,-38.0
51600,66.0,74.0,45.0,-6.0,-16.0,9.0
51640,83.0,-23.0,-87.0,2.0,-12.0,-42.0
51680,99.0,-47.0,-48.0,8.0,5.0,-13.0
51720,94.0,81.0,28.0,-1.0,-14.0,2.0
51760,135.0,-54.0,-97.0,9.0,-10.0,-27.0
51800,135.0,3.0,-28.0,7.0,-9.0,8.0
51840,124.0,96.0,5.0,4.0,-27.0,4.0
51880,149.0,-111.0,-123.0,13.0,-2.0,-24.0
51920,128.0,76.0,25.0,7.0,-1.0,23.0
51960,129.0,-3.0,-58.0,4.0,-12.0,1.0
52000,137.0,-53.0,-89.0,6.0,6.0,-19.0
52040,120.0,55.0,30.0,-1.0,-11.0,32.0
52080,114.0,-10.0,-76.0,0.0,-10.0,-12.0
52120,120.0,-82.0,-48.0,4.0,7.0,-8.0
52160,76.0,96.0,61.0,-2.0,-10.0,29.0
52200,84.0,-109.0,-91.0,3.0,5.0,-32.0
52240,61.0,12.0,37.0,2.0,15.0,12.0
52280,40.0,26.0,31.0,-8.0,-1.0,11.0
52320,51.0,-85.0,-54.0,-2.0,16.0,-31.0
52360,29.0,16.0,76.0,-6.0,8.0,22.0
52400,10.0,27.0,25.0,-9.0,-2.0,-16.0
52440,17.0,-110.0,-46.0,-3.0,24.0,-24.0
52480,-17.0,76.0,123.0,-10.0,18.0,20.0
52520,-16.0,-47.0,-36.0,-13.0,17.0,-26.0
52560,-5.0,-41.0,6.0,-12.0,28.0,-8.0
52600,-34.0,50.0,79.0,-18.0,2.0,11.0
52640,-16.0,-72.0,-24.0,-13.0,13.0,-34.0
52680,-30.0,-22.0,38.0,-12.0,24.0,-7.0
52720,-55.0,51.0,73.0,-19.0,10.0,1.0
52760,-32.0,-97.0,-45.0,-9.0,27.0,-39.0
52800,-52.0,18.0,97.0,-15.0,17.0,7.0
52840,-55.0,16.0,67.0,-16.0,1.0,-13.0
52880,-46.0,-111.0,-18.0,-3.0,17.0,-41.0
52920,-72.0,49.0,149.0,-7.0,8.0,13.0
52960,-78.0,-41.0,37.0,-4.0,7.0,-35.0
53000,-63.0,-92.0,39.0,0.0,25.0,-26.0
53040,-101.0,69.0,150.0,-6.0,2.0,4.0
53080,-90.0,-105.0,-3.0,1.0,6.0,-53.0
53120,-100.0,-30.0,91.0,2.0,13.0,-14.0
53160,-115.0,13.0,106.0,-4.0,-8.0,-14.0
53200,-93.0,-111.0,-3.0,2.0,5.0,-61.0
53240,-104.0,-20.0,110.0,-1.0,4.0,-3.0
53280,-108.0,14.0,40.0,-2.0,-12.0,-37.0
53320,-69.0,-144.0,-32.0,7.0,5.0,-55.0
53360,-82.0,54.0,119.0,-1.0,-10.0,-6.0
53400,-59.0,-86.0,-33.0,3.0,-20.0,-51.0
53440,-36.0,-66.0,12.0,9.0,-1.0,-42.0
53480,-48.0,22.0,71.0,3.0,-17.0,-16.0
53520,-14.0,-71.0,-31.0,13.0,-8.0,-59.0
53560,10.0,-38.0,23.0,19.0,1.0,-25.0
53600,17.0,43.0,47.0,11.0,-24.0,-7.0
53640,57.0,-93.0,-65.0,20.0,-13.0,-53.0
53680,52.0,23.0,68.0,18.0,-9.0,-8.0
53720,56.0,24.0,6.0,17.0,-17.0,-12.0
53760,90.0,-87.0,-64.0,23.0,7.0,-38.0
53800,78.0,59.0,75.0,18.0,-1.0,4.0
53840,85.0,-19.0,-49.0,15.0,-10.0,-21.0
53880,99.0,-30.0,-33.0,21.0,8.0,-24.0
53920,69.0,51.0,70.0,10.0,-8.0,14.0
53960,90.0,-20.0,-52.0,16.0,-2.0,-30.0
54000,99.0,-45.0,-33.0,20.0,14.0,-1.0
54040,89.0,110.0,18.0,11.0,-5.0,24.0
54080,112.0,-165.0,-103.0,14.0,8.0,-33.0
54120,54.0,69.0,57.0,11.0,10.0,15.0
54160,34.0,-40.0,-42.0,6.0,3.0,-18.0
54200,48.0,-24.0,-61.0,13.0,28.0,-33.0
54240,62.0,38.0,54.0,13.0,13.0,24.0
54280,87.0,3.0,2.0,13.0,-2.0,-10.0
54320,111.0,-53.0,3.0,20.0,16.0,-5.0
54360,63.0,88.0,79.0,13.0,14.0,30.0
54400,82.0,-30.0,-28.0,17.0,36.0,-10.0
54440,81.0,-24.0,26.0,12.0,51.0,26.0
54480,73.0,101.0,62.0,0.0,20.0,40.0
54520,109.0,-75.0,-58.0,4.0,26.0,-16.0
54560,85.0,81.0,57.0,1.0,31.0,33.0
54600,74.0,30.0,17.0,-5.0,27.0,13.0
54640,76.0,-32.0,-47.0,-1.0,55.0,-5.0
54680,74.0,60.0,60.0,-11.0,41.0,47.0
54720,79.0,58.0,-39.0,-12.0,24.0,14.0
54760,88.0,-56.0,-58.0,-5.0,41.0,3.0
54800,47.0,140.0,58.0,-8.0,27.0,35.0
54840,59.0,-72.0,-82.0,-1.0,39.0,-16.0
54880,25.0,8.0,12.0,0.0,55.0,5.0
54920,3.0,88.0,62.0,-10.0,33.0,18.0
54960,26.0,-54.0,-60.0,0.0,41.0,-30.0
55000,14.0,45.0,64.0,-1.0,37.0,22.0
55040,5.0,64.0,62.0,-2.0,20.0,7.0
55080,8.0,-81.0,-25.0,9.0,39.0,-16.0
55120,-23.0,102.0,120.0,4.0,31.0,35.0
55160,-23.0,-8.0,6.0,5.0,30.0,-6.0
55200,-1.0,-21.0,28.0,5.0,54.0,3.0
55240,-19.0,66.0,115.0,-7.0,31.0,37.0
55280,-5.0,-26.0,0.0,-5.0,24.0,-8.0
55320,-8.0,-55.0,34.0,-4.0,23.0,10.0
55360,-23.0,95.0,99.0,-10.0,-1.0,28.0
55400,21.0,-117.0,-45.0,2.0,21.0,-27.0
55440,11.0,48.0,62.0,1.0,24.0,31.0
55480,34.0,30.0,14.0,2.0,0.0,10.0
55520,51.0,-103.0,-54.0,11.0,12.0,-16.0
55560,29.0,42.0,84.0,8.0,-3.0,18.0
55600,41.0,2.0,-16.0,15.0,-4.0,-13.0
55640,79.0,-88.0,-42.0,22.0,16.0,-20.0
55680,69.0,81.0,85.0,21.0,-6.0,18.0
55720,99.0,-62.0,-56.0,29.0,-2.0,-36.0
55760,104.0,-23.0,-6.0,34.0,10.0,-10.0
55800,91.0,105.0,54.0,30.0,-8.0,15.0
55840,111.0,-85.0,-91.0,37.0,12.0,-40.0
55880,117.0,62.0,49.0,34.0,10.0,23.0
55920,119.0,32.0,1.0,30.0,-6.0,14.0
55960,139.0,-45.0,-71.0,35.0,16.0,-27.0
56000,123.0,44.0,58.0,23.0,9.0,32.0
56040,121.0,70.0,-29.0,23.0,1.0,-2.0
56080,147.0,-125.0,-61.0,25.0,19.0,-7.0
56120,116.0,174.0,103.0,16.0,0.0,33.0
56160,141.0,-105.0,-83.0,22.0,5.0,-20.0
56200,129.0,53.0,21.0,25.0,23.0,14.0
56240,111.0,33.0,48.0,20.0,8.0,24.0
56280,125.0,-37.0,-24.0,23.0,25.0,-21.0
56320,109.0,-22.0,34.0,23.0,24.0,22.0
56360,82.0,81.0,56.0,17.0,11.0,4.0
56400,101.0,-132.0,-50.0,27.0,32.0,-30.0
56440,72.0,64.0,126.0,22.0,25.0,19.0
56480,59.0,-22.0,20.0,24.0,23.0,-15.0
56520,60.0,-58.0,-21.0,25.0,45.0,-22.0
56560,26.0,34.0,106.0,16.0,31.0,17.0
56600,21.0,-24.0,12.0,20.0,40.0,-26.0
56640,23.0,-106.0,14.0,20.0,48.0,-11.0
56680,-8.0,133.0,128.0,6.0,25.0,23.0
56720,19.0,-163.0,-62.0,14.0,37.0,-51.0
56760,4.0,35.0,135.0,10.0,42.0,10.0
56800,-18.0,22.0,64.0,7.0,29.0,-8.0
56840,4.0,-94.0,-8.0,14.0,51.0,-38.0
56880,-14.0,73.0,124.0,7.0,39.0,22.0
56920,-6.0,-32.0,54.0,5.0,22.0,-10.0
56960,6.0,-26.0,31.0,18.0,36.0,-25.0
57000,-13.0,26.0,135.0,14.0,23.0,19.0
57040,-16.0,32.0,29.0,22.0,31.0,-24.0
57080,4.0,-98.0,44.0,24.0,47.0,-16.0
57120,-32.0,144.0,152.0,17.0,25.0,17.0
57160,-2.0,-121.0,-35.0,26.0,27.0,-40.0
57200,-18.0,37.0,97.0,28.0,27.0,8.0
57240,-33.0,42.0,80.0,22.0,7.0,-2.0
57280,-15.0,-114.0,-24.0,33.0,27.0,-46.0
57320,-34.0,71.0,137.0,26.0,20.0,15.0
57360,-31.0,-26.0,20.0,27.0,8.0,-21.0
57400,-14.0,-70.0,-6.0,30.0,24.0,-31.0
57440,-31.0,48.0,122.0,20.0,5.0,9.0
57480,-8.0,-55.0,6.0,26.0,0.0,-26.0
57520,10.0,-83.0,28.0,29.0,18.0,-19.0
57560,-16.0,76.0,114.0,18.0,-5.0,5.0
57600,19.0,-117.0,-38.0,30.0,11.0,-38.0
57640,18.0,-4.0,86.0,31.0,12.0,-3.0
57680,15.0,31.0,75.0,27.0,-13.0,10.0
57720,52.0,-98.0,-41.0,36.0,4.0,-43.0
57760,50.0,33.0,86.0,34.0,2.0,25.0
57800,66.0,0.0,25.0,34.0,-9.0,-6.0
57840,84.0,-108.0,-27.0,42.0,17.0,-27.0
57880,74.0,94.0,98.0,34.0,3.0,25.0
57920,94.0,-31.0,-63.0,40.0,0.0,-18.0
57960,114.0,-57.0,19.0,44.0,13.0,-11.0
58000,87.0,97.0,101.0,35.0,-9.0,27.0
58040,110.0,-74.0,-97.0,45.0,1.0,-26.0
58080,112.0,35.0,23.0,44.0,17.0,14.0
58120,116.0,102.0,37.0,32.0,5.0,25.0
58160,142.0,-130.0,-64.0,38.0,25.0,-26.0
58200,91.0,121.0,81.0,33.0,23.0,26.0
58240,70.0,-30.0,-55.0,34.0,11.0,-2.0
58280,77.0,11.0,-2.0,36.0,33.0,-19.0
58320,68.0,64.0,98.0,27.0,17.0,36.0
58360,77.0,15.0,18.0,27.0,15.0,-6.0
58400,81.0,-29.0,9.0,37.0,35.0,3.0
58440,32.0,74.0,57.0,32.0,26.0,31.0
58480,61.0,-37.0,-18.0,31.0,41.0,-8.0
58520,61.0,-31.0,20.0,26.0,50.0,16.0
58560,51.0,97.0,30.0,15.0,24.0,31.0
58600,85.0,-147.0,-107.0,22.0,33.0,-23.0
58640,56.0,36.0,46.0,22.0,37.0,18.0
58680,62.0,-17.0,14.0,16.0,31.0,3.0
58720,70.0,-68.0,-86.0,26.0,64.0,-26.0
58760,84.0,54.0,56.0,19.0,48.0,27.0
58800,101.0,-7.0,-29.0,20.0,34.0,-9.0
58840,115.0,-111.0,-19.0,29.0,46.0,-7.0
58880,70.0,134.0,98.0,19.0,29.0,28.0
58920,115.0,-95.0,-56.0,31.0,50.0,-26.0
58960,74.0,-15.0,66.0,27.0,68.0,-2.0
59000,64.0,122.0,140.0,16.0,50.0,22.0
59040,71.0,-139.0,-76.0,24.0,60.0,-37.0
59080,53.0,107.0,148.0,16.0,51.0,22.0
59120,30.0,34.0,22.0,16.0,31.0,-6.0
59160,47.0,-68.0,-8.0,21.0,51.0,-27.0
59200,6.0,106.0,115.0,12.0,38.0,33.0
59240,17.0,-8.0,-22.0,14.0,37.0,-27.0
59280,5.0,-71.0,-16.0,20.0,60.0,-21.0
59320,-32.0,152.0,90.0,11.0,35.0,11.0
59360,-4.0,-136.0,-78.0,21.0,34.0,-43.0
59400,-11.0,47.0,61.0,18.0,31.0,-10.0
59440,-8.0,11.0,30.0,16.0,6.0,-22.0
59480,18.0,-27.0,-51.0,29.0,25.0,-45.0
59520,15.0,-27.0,40.0,37.0,29.0,-8.0
59560,21.0,107.0,74.0,36.0,11.0,-10.0
59600,60.0,-154.0,-57.0,44.0,25.0,-35.0
59640,30.0,150.0,123.0,36.0,8.0,19.0
59680,70.0,-43.0,-2.0,42.0,5.0,-12.0
59720,83.0,-54.0,28.0,47.0,26.0,-14.0
59760,67.0,104.0,127.0,39.0,6.0,25.0
59800,96.0,-46.0,-41.0,39.0,11.0,-9.0
59840,101.0,-27.0,34.0,42.0,16.0,8.0
59880,84.0,134.0,87.0,33.0,-8.0,36.0
59920,123.0,-127.0,-78.0,40.0,12.0,-13.0
59960,98.0,74.0,82.0,37.0,4.0,44.0
60000,102.0,45.0,11.0,35.0,-16.0,33.0
60040,120.0,-113.0,-58.0,42.0,3.0,-7.0
60080,93.0,105.0,103.0,33.0,-9.0,49.0
60120,107.0,-33.0,-50.0,43.0,-11.0,7.0
60160,117.0,-49.0,-26.0,52.0,8.0,-6.0
60200,92.0,101.0,86.0,46.0,-15.0,45.0
60240,111.0,-54.0,-38.0,53.0,-8.0,-18.0
60280,105.0,0.0,30.0,53.0,5.0,15.0
60320,82.0,113.0,73.0,50.0,-2.0,31.0
60360,106.0,-68.0,-42.0,61.0,16.0,-16.0
60400,77.0,51.0,74.0,54.0,19.0,37.0
60440,63.0,82.0,51.0,43.0,4.0,19.0
60480,73.0,-90.0,-64.0,45.0,23.0,-6.0
60520,44.0,91.0,109.0,38.0,18.0,36.0
60560,42.0,43.0,7.0,36.0,18.0,12.0
60600,58.0,-110.0,-24.0,39.0,40.0,4.0
60640,9.0,163.0,138.0,25.0,20.0,47.0
60680,29.0,-99.0,-47.0,26.0,22.0,-3.0
60720,14.0,25.0,41.0,27.0,37.0,28.0
60760,2.0,48.0,99.0,21.0,18.0,39.0
60800,23.0,-57.0,-9.0,33.0,37.0,-9.0
60840,8.0,-16.0,75.0,38.0,36.0,26.0
60880,-11.0,111.0,100.0,34.0,23.0,11.0
60920,16.0,-147.0,-29.0,46.0,43.0,-23.0
60960,-8.0,126.0,166.0,38.0,34.0,31.0
61000,1.0,-13.0,14.0,39.0,24.0,7.0
61040,17.0,-54.0,30.0,48.0,42.0,-13.0
61080,-12.0,119.0,128.0,43.0,32.0,31.0
61120,18.0,-35.0,5.0,45.0,42.0,-15.0
61160,7.0,-18.0,39.0,45.0,56.0,-4.0
61200,-6.0,133.0,128.0,31.0,32.0,28.0
61240,12.0,-84.0,-59.0,43.0,36.0,-22.0
61280,11.0,58.0,114.0,38.0,39.0,21.0
61320,-2.0,58.0,67.0,33.0,25.0,19.0
61360,27.0,-54.0,-30.0,40.0,45.0,-17.0
61400,8.0,30.0,111.0,38.0,33.0,32.0
61440,12.0,86.0,59.0,36.0,17.0,16.0
61480,40.0,-176.0,-33.0,46.0,29.0,-16.0
61520,6.0,216.0,186.0,37.0,15.0,37.0
61560,41.0,-141.0,-75.0,51.0,17.0,-17.0
61600,34.0,37.0,101.0,55.0,35.0,-4.0
61640,22.0,53.0,91.0,52.0,13.0,29.0
61680,48.0,-60.0,-27.0,56.0,20.0,-30.0
61720,45.0,15.0,79.0,61.0,22.0,15.0
61760,28.0,96.0,57.0,53.0,3.0,2.0
61800,61.0,-137.0,-54.0,63.0,24.0,-18.0
61840,30.0,130.0,131.0,53.0,22.0,12.0
61880,51.0,-16.0,-21.0,49.0,11.0,5.0
61920,78.0,-32.0,8.0,51.0,27.0,-12.0
61960,53.0,84.0,101.0,44.0,12.0,34.0
62000,87.0,-7.0,17.0,45.0,4.0,0.0
62040,88.0,-39.0,36.0,51.0,18.0,11.0
62080,67.0,119.0,118.0,43.0,0.0,51.0
62120,87.0,-90.0,-67.0,47.0,11.0,0.0
62160,108.0,44.0,104.0,46.0,24.0,37.0
62200,108.0,102.0,10.0,43.0,9.0,46.0
62240,155.0,-102.0,-33.0,48.0,22.0,-9.0
62280,93.0,84.0,118.0,49.0,18.0,45.0
62320,63.0,-46.0,-46.0,48.0,12.0,7.0
62360,74.0,-19.0,-7.0,51.0,39.0,-3.0
62400,70.0,83.0,98.0,47.0,25.0,45.0
62440,112.0,-15.0,2.0,48.0,16.0,7.0
62480,89.0,-52.0,33.0,62.0,29.0,7.0
62520,39.0,87.0,102.0,62.0,23.0,43.0
62560,46.0,-70.0,11.0,59.0,48.0,-7.0
62600,27.0,30.0,105.0,47.0,62.0,39.0
62640,20.0,113.0,96.0,28.0,33.0,34.0
62680,66.0,-122.0,-23.0,36.0,39.0,9.0
62720,16.0,94.0,126.0,39.0,34.0,32.0
62760,11.0,-7.0,85.0,26.0,31.0,21.0
62800,11.0,-17.0,3.0,29.0,61.0,3.0
62840,10.0,82.0,116.0,13.0,53.0,47.0
62880,41.0,10.0,36.0,11.0,46.0,4.0
62920,39.0,-98.0,8.0,16.0,56.0,19.0
62960,1.0,167.0,134.0,11.0,38.0,34.0
63000,47.0,-93.0,-57.0,22.0,50.0,-11.0
63040,35.0,-5.0,82.0,25.0,61.0,11.0
63080,19.0,124.0,101.0,22.0,45.0,16.0
63120,70.0,-151.0,-52.0,38.0,59.0,-31.0
63160,25.0,126.0,107.0,43.0,58.0,29.0
63200,44.0,16.0,47.0,40.0,36.0,-7.0
63240,46.0,-61.0,11.0,51.0,46.0,-9.0
63280,30.0,100.0,125.0,47.0,31.0,36.0
63320,46.0,2.0,6.0,49.0,38.0,-16.0
63360,41.0,-82.0,51.0,52.0,68.0,-9.0
63400,-11.0,192.0,142.0,40.0,48.0,25.0
63440,26.0,-126.0,-40.0,42.0,41.0,-15.0
63480,8.0,73.0,116.0,34.0,34.0,9.0
63520,13.0,35.0,75.0,28.0,11.0,14.0
63560,19.0,-71.0,-15.0,37.0,35.0,-26.0
63600,-20.0,50.0,94.0,36.0,40.0,18.0
63640,2.0,53.0,27.0,38.0,23.0,11.0
63680,36.0,-109.0,-33.0,40.0,30.0,-13.0
63720,9.0,90.0,122.0,39.0,6.0,21.0
63760,27.0,-5.0,-32.0,52.0,-2.0,-15.0
63800,31.0,-107.0,-3.0,62.0,18.0,-9.0
63840,12.0,179.0,127.0,59.0,0.0,19.0
63880,76.0,-139.0,-78.0,69.0,6.0,-15.0
63920,73.0,85.0,47.0,73.0,10.0,1.0
63960,74.0,46.0,33.0,73.0,-11.0,10.0
64000,100.0,-26.0,-40.0,78.0,8.0,-15.0
64040,82.0,23.0,53.0,72.0,1.0,20.0
64080,102.0,142.0,50.0,60.0,-17.0,24.0
64120,130.0,-138.0,-78.0,69.0,7.0,-8.0
64160,94.0,212.0,135.0,60.0,-1.0,50.0
64200,104.0,-41.0,-57.0,59.0,2.0,6.0
64240,97.0,12.0,5.0,56.0,12.0,33.0
64280,66.0,110.0,81.0,44.0,-16.0,54.0
64320,94.0,-4.0,-41.0,48.0,-11.0,16.0
64360,71.0,-57.0,24.0,54.0,-4.0,34.0
64400,45.0,194.0,106.0,51.0,-11.0,53.0
64440,72.0,-208.0,-81.0,58.0,8.0,3.0
64480,13.0,138.0,152.0,52.0,0.0,52.0
64520,21.0,-23.0,25.0,52.0,-21.0,26.0
64560,26.0,-74.0,3.0,62.0,-5.0,6.0
64600,4.0,41.0,142.0,63.0,-12.0,41.0
64640,2.0,0.0,43.0,60.0,-4.0,2.0
64680,10.0,-114.0,25.0,68.0,15.0,7.0
64720,-25.0,152.0,167.0,56.0,-3.0,35.0
64760,12.0,-117.0,-14.0,58.0,7.0,-16.0
64800,-12.0,26.0,120.0,53.0,18.0,15.0
64840,-31.0,81.0,109.0,45.0,4.0,30.0
64880,-8.0,-67.0,-3.0,48.0,20.0,-13.0
64920,-33.0,48.0,130.0,38.0,16.0,29.0
64960,-35.0,89.0,91.0,31.0,8.0,8.0
65000,-22.0,-88.0,-11.0,35.0,25.0,-5.0
65040,-55.0,129.0,175.0,29.0,12.0,30.0
65080,-40.0,40.0,39.0,29.0,3.0,4.0
65120,-27.0,-73.0,44.0,32.0,14.0,5.0
65160,-58.0,183.0,193.0,28.0,4.0,23.0
65200,-26.0,-101.0,21.0,37.0,14.0,-4.0
65240,-51.0,62.0,120.0,44.0,25.0,5.0
65280,-62.0,74.0,146.0,42.0,7.0,26.0
65320,-25.0,-42.0,49.0,53.0,17.0,-11.0
65360,-41.0,11.0,155.0,56.0,13.0,14.0
65400,-42.0,112.0,147.0,55.0,4.0,19.0
65440,-25.0,-128.0,12.0,65.0,23.0,-17.0
65480,-41.0,118.0,229.0,54.0,16.0,37.0
65520,-27.0,-16.0,56.0,52.0,6.0,3.0
65560,3.0,-74.0,61.0,54.0,16.0,0.0
65600,-24.0,130.0,184.0,44.0,0.0,31.0
65640,18.0,-71.0,22.0,46.0,2.0,-7.0
65680,2.0,-39.0,92.0,45.0,11.0,10.0
65720,0.0,146.0,167.0,35.0,-5.0,39.0
65760,37.0,-156.0,-40.0,42.0,2.0,-21.0
65800,33.0,114.0,176.0,39.0,7.0,38.0
65840,36.0,16.0,59.0,42.0,-11.0,15.0
65880,71.0,-56.0,30.0,49.0,7.0,4.0
65920,41.0,71.0,135.0,50.0,-1.0,37.0
65960,61.0,34.0,42.0,51.0,-5.0,15.0
66000,85.0,-84.0,38.0,64.0,13.0,4.0
66040,51.0,165.0,159.0,58.0,0.0,42.0
66080,103.0,-28.0,-5.0,69.0,-1.0,3.0
66120,84.0,-28.0,80.0,72.0,7.0,26.0
66160,59.0,132.0,132.0,69.0,-12.0,41.0
66200,79.0,-106.0,-51.0,72.0,1.0,-8.0
66240,97.0,126.0,111.0,71.0,11.0,44.0
66280,109.0,40.0,-7.0,67.0,-2.0,28.0
66320,146.0,-54.0,1.0,65.0,16.0,11.0
66360,61.0,43.0,65.0,62.0,12.0,31.0
66400,56.0,22.0,-9.0,57.0,8.0,17.0
66440,65.0,-40.0,-30.0,60.0,29.0,3.0
66480,80.0,128.0,132.0,49.0,17.0,45.0
66520,135.0,-35.0,-5.0,53.0,13.0,19.0
66560,117.0,-34.0,34.0,62.0,25.0,15.0
66600,73.0,115.0,114.0,58.0,20.0,50.0
66640,84.0,-79.0,-17.0,59.0,45.0,4.0
66680,54.0,32.0,79.0,53.0,58.0,34.0
66720,67.0,111.0,66.0,42.0,35.0,37.0
66760,112.0,-154.0,-65.0,53.0,39.0,5.0
66800,64.0,119.0,146.0,50.0,29.0,43.0
66840,61.0,-29.0,14.0,44.0,28.0,4.0
66880,48.0,-50.0,-10.0,46.0,60.0,8.0
66920,34.0,119.0,103.0,39.0,54.0,46.0
66960,77.0,-41.0,-45.0,43.0,49.0,9.0
67000,75.0,-46.0,26.0,44.0,54.0,21.0
67040,39.0,169.0,73.0,34.0,38.0,41.0
67080,78.0,-143.0,-82.0,46.0,52.0,-14.0
67120,28.0,78.0,100.0,40.0,69.0,32.0
67160,46.0,37.0,64.0,33.0,56.0,16.0
67200,68.0,-40.0,-33.0,39.0,73.0,0.0
67240,54.0,74.0,103.0,34.0,66.0,32.0
67280,49.0,96.0,36.0,35.0,51.0,18.0
67320,61.0,-124.0,-23.0,44.0,64.0,7.0
67360,16.0,211.0,144.0,36.0,53.0,51.0
67400,57.0,-67.0,-47.0,40.0,59.0,-2.0
67440,41.0,46.0,60.0,38.0,80.0,17.0
67480,26.0,127.0,87.0,37.0,60.0,36.0
67520,52.0,-50.0,-43.0,40.0,62.0,5.0
67560,19.0,22.0,79.0,34.0,56.0,24.0
67600,6.0,128.0,75.0,31.0,35.0,24.0
67640,33.0,-106.0,-69.0,41.0,54.0,-4.0
67680,7.0,131.0,111.0,39.0,55.0,31.0
67720,42.0,20.0,-3.0,43.0,47.0,17.0
67760,53.0,-72.0,-7.0,44.0,60.0,5.0
67800,9.0,142.0,102.0,37.0,36.0,43.0
67840,38.0,-49.0,-31.0,39.0,31.0,2.0
67880,43.0,-42.0,29.0,43.0,39.0,21.0
67920,37.0,110.0,109.0,40.0,24.0,38.0
67960,85.0,-95.0,-57.0,45.0,35.0,-3.0
68000,64.0,4.0,67.0,47.0,38.0,18.0
68040,51.0,106.0,55.0,47.0,21.0,31.0
68080,88.0,-136.0,-64.0,55.0,33.0,-11.0
68120,69.0,127.0,100.0,52.0,22.0,48.0
68160,105.0,9.0,-13.0,54.0,10.0,14.0
68200,118.0,-60.0,-35.0,62.0,29.0,7.0
68240,85.0,121.0,89.0,56.0,17.0,38.0
68280,110.0,-7.0,-64.0,57.0,21.0,-1.0
68320,105.0,-41.0,-22.0,60.0,28.0,15.0
68360,80.0,164.0,74.0,50.0,4.0,38.0
68400,114.0,-78.0,-104.0,58.0,12.0,-18.0
68440,94.0,41.0,31.0,59.0,18.0,25.0
68480,84.0,112.0,35.0,50.0,8.0,21.0
68520,112.0,-107.0,-93.0,54.0,24.0,-8.0
68560,65.0,96.0,92.0,46.0,11.0,30.0
68600,65.0,32.0,-8.0,45.0,-4.0,3.0
68640,73.0,-93.0,-53.0,55.0,14.0,-6.0
68680,34.0,107.0,111.0,47.0,9.0,25.0
68720,46.0,-36.0,-29.0,48.0,15.0,-16.0
68760,32.0,-73.0,8.0,51.0,26.0,4.0
68800,-8.0,122.0,123.0,42.0,8.0,13.0
68840,25.0,-101.0,-36.0,46.0,21.0,-20.0
68880,0.0,1.0,62.0,44.0,28.0,7.0
68920,-5.0,93.0,105.0,39.0,11.0,10.0
68960,16.0,-129.0,-38.0,45.0,27.0,-19.0
69000,-19.0,62.0,130.0,37.0,22.0,10.0
69040,-30.0,41.0,50.0,34.0,20.0,-2.0
69080,-8.0,-103.0,-15.0,40.0,38.0,-22.0
69120,-44.0,91.0,144.0,33.0,21.0,18.0
69160,-15.0,14.0,19.0,32.0,11.0,-7.0
69200,-9.0,-113.0,4.0,36.0,15.0,-7.0
69240,-42.0,175.0,168.0,27.0,3.0,22.0
69280,-19.0,-130.0,-54.0,38.0,18.0,-25.0
69320,-36.0,34.0,97.0,37.0,27.0,8.0
69360,-52.0,78.0,78.0,38.0,11.0,13.0
69400,-13.0,-100.0,-14.0,43.0,21.0,-28.0
69440,-48.0,40.0,123.0,41.0,14.0,12.0
69480,-54.0,65.0,67.0,42.0,6.0,-6.0
69520,-35.0,-131.0,-11.0,52.0,24.0,-20.0
69560,-64.0,132.0,171.0,45.0,13.0,11.0
69600,-38.0,-45.0,5.0,47.0,9.0,-13.0
69640,-29.0,-22.0,44.0,49.0,19.0,-19.0
69680,-47.0,96.0,129.0,43.0,0.0,23.0
69720,-21.0,-40.0,0.0,44.0,4.0,-22.0
69760,-21.0,-29.0,83.0,45.0,7.0,6.0
69800,-46.0,143.0,111.0,37.0,-5.0,18.0
69840,5.0,-118.0,-46.0,46.0,7.0,-18.0
69880,-23.0,84.0,125.0,41.0,5.0,23.0
69920,-4.0,47.0,37.0,38.0,-11.0,20.0
69960,20.0,-88.0,-52.0,44.0,-5.0,-8.0
70000,10.0,103.0,123.0,39.0,-13.0,34.0
70040,31.0,-10.0,-24.0,44.0,-16.0,5.0
70080,45.0,-96.0,-19.0,51.0,2.0,6.0
70120,6.0,130.0,107.0,47.0,-11.0,30.0
70160,50.0,-127.0,-71.0,53.0,-11.0,1.0
70200,40.0,74.0,61.0,59.0,-9.0,10.0
70240,57.0,53.0,102.0,55.0,-24.0,23.0
70280,88.0,-108.0,-44.0,73.0,-13.0,5.0
70320,-1.0,-88.0,-29.0,73.0,-10.0,22.0
70360,36.0,181.0,164.0,60.0,-14.0,9.0
70400,107.0,-107.0,-135.0,66.0,-1.0,6.0
70440,87.0,66.0,30.0,56.0,-2.0,27.0
70480,49.0,-28.0,62.0,56.0,-9.0,-11.0
70520,56.0,-100.0,-14.0,69.0,6.0,-5.0
70560,18.0,175.0,14.0,55.0,-6.0,38.0
70600,86.0,18.0,-10.0,41.0,-10.0,-19.0
70640,124.0,-62.0,78.0,47.0,0.0,34.0
70680,64.0,118.0,5.0,48.0,-11.0,39.0
70720,57.0,-105.0,-111.0,58.0,14.0,-46.0
70760,26.0,121.0,145.0,44.0,32.0,46.0
70800,44.0,11.0,-61.0,38.0,20.0,25.0
70840,60.0,-59.0,-34.0,36.0,21.0,-24.0
70880,54.0,66.0,107.0,33.0,0.0,25.0
70920,73.0,8.0,-27.0,47.0,-7.0,15.0
70960,43.0,-42.0,-5.0,48.0,27.0,-1.0
71000,1.0,119.0,96.0,30.0,35.0,5.0
71040,54.0,-84.0,-87.0,40.0,47.0,12.0
71080,31.0,25.0,26.0,49.0,50.0,4.0
71120,41.0,98.0,104.0,28.0,24.0,38.0
71160,80.0,-68.0,-58.0,23.0,35.0,-17.0
71200,41.0,26.0,62.0,32.0,50.0,10.0
71240,13.0,41.0,71.0,34.0,43.0,20.0
71280,44.0,-107.0,-16.0,29.0,65.0,1.0
71320,12.0,140.0,113.0,8.0,63.0,29.0
71360,44.0,-5.0,-33.0,15.0,50.0,8.0
71400,35.0,-79.0,-2.0,24.0,53.0,8.0
71440,-5.0,130.0,153.0,18.0,32.0,24.0
71480,26.0,-97.0,-29.0,20.0,37.0,12.0
71520,20.0,20.0,53.0,13.0,62.0,11.0
71560,-1.0,102.0,115.0,4.0,55.0,6.0
71600,26.0,-72.0,-27.0,15.0,60.0,-3.0
71640,8.0,-10.0,61.0,25.0,44.0,40.0
71680,-4.0,112.0,104.0,8.0,26.0,-1.0
71720,14.0,-174.0,-48.0,13.0,44.0,-33.0
71760,-43.0,171.0,104.0,26.0,44.0,29.0
71800,2.0,-34.0,19.0,29.0,44.0,-11.0
71840,21.0,-46.0,28.0,23.0,56.0,-3.0
71880,0.0,99.0,88.0,17.0,31.0,23.0
71920,13.0,-12.0,-24.0,22.0,30.0,-19.0
71960,0.0,-63.0,40.0,24.0,34.0,0.0
72000,-16.0,128.0,102.0,24.0,22.0,17.0
72040,40.0,-111.0,-64.0,26.0,39.0,-44.0
72080,18.0,24.0,64.0,20.0,35.0,15.0
72120,12.0,94.0,34.0,27.0,12.0,-6.0
72160,35.0,-126.0,-65.0,36.0,26.0,-35.0
72200,14.0,67.0,112.0,23.0,15.0,27.0
72240,39.0,21.0,-20.0,25.0,7.0,-4.0
72280,62.0,-104.0,-49.0,34.0,22.0,-21.0
72320,40.0,137.0,126.0,30.0,4.0,23.0
72360,67.0,-90.0,-87.0,40.0,9.0,-18.0
72400,56.0,-36.0,-3.0,41.0,23.0,-19.0
72440,39.0,87.0,70.0,32.0,2.0,19.0
72480,74.0,-104.0,-76.0,43.0,6.0,-22.0
72520,50.0,21.0,34.0,40.0,7.0,-3.0
72560,60.0,57.0,35.0,34.0,-2.0,8.0
72600,86.0,-165.0,-76.0,47.0,15.0,-25.0
72640,33.0,114.0,88.0,37.0,7.0,6.0
72680,46.0,-18.0,-35.0,34.0,-4.0,-11.0
72720,52.0,-90.0,-35.0,38.0,9.0,-14.0
72760,21.0,51.0,95.0,33.0,1.0,8.0
72800,26.0,-1.0,-42.0,34.0,9.0,-19.0
72840,21.0,-126.0,-25.0,33.0,20.0,-5.0
72880,-23.0,183.0,127.0,26.0,1.0,7.0
72920,20.0,-208.0,-104.0,30.0,10.0,-26.0
72960,-16.0,80.0,91.0,25.0,13.0,-1.0
73000,-36.0,5.0,31.0,20.0,5.0,-4.0
73040,-19.0,-60.0,-34.0,29.0,24.0,-32.0
73080,-43.0,-3.0,71.0,26.0,14.0,20.0
73120,-50.0,80.0,41.0,21.0,10.0,-21.0
73160,-32.0,-168.0,-49.0,26.0,27.0,-28.0
73200,-80.0,169.0,142.0,19.0,15.0,15.0
73240,-46.0,-104.0,-49.0,21.0,17.0,-31.0
73280,-57.0,-30.0,40.0,22.0,22.0,-16.0
73320,-70.0,72.0,93.0,13.0,8.0,8.0
73360,-52.0,-74.0,-33.0,19.0,23.0,-39.0
73400,-75.0,-52.0,54.0,18.0,25.0,-8.0
73440,-97.0,129.0,91.0,14.0,13.0,-2.0
73480,-56.0,-159.0,-85.0,23.0,25.0,-31.0
73520,-81.0,73.0,151.0,16.0,16.0,6.0
73560,-75.0,18.0,39.0,16.0,7.0,-6.0
73600,-63.0,-111.0,-9.0,23.0,23.0,-31.0
73640,-99.0,108.0,159.0,15.0,11.0,22.0
73680,-83.0,-47.0,10.0,20.0,10.0,-22.0
73720,-69.0,-61.0,52.0,24.0,19.0,-11.0
73760,-107.0,127.0,135.0,14.0,1.0,14.0
73800,-68.0,-117.0,-38.0,26.0,5.0,-26.0
73840,-95.0,35.0,101.0,21.0,8.0,-5.0
73880,-94.0,60.0,82.0,15.0,-10.0,14.0
73920,-65.0,-102.0,-29.0,25.0,-3.0,-24.0
73960,-81.0,61.0,108.0,22.0,-6.0,6.0
74000,-77.0,31.0,35.0,22.0,-15.0,-7.0
74040,-46.0,-83.0,-33.0,31.0,-3.0,-6.0
74080,-70.0,83.0,110.0,24.0,-14.0,11.0
74120,-31.0,-10.0,-11.0,24.0,-20.0,0.0
74160,-20.0,-84.0,-12.0,32.0,-12.0,-14.0
74200,-33.0,157.0,111.0,29.0,-26.0,32.0
74240,13.0,-126.0,-77.0,33.0,-22.0,-19.0
74280,6.0,5.0,69.0,32.0,-16.0,14.0
74320,-13.0,88.0,48.0,30.0,-32.0,20.0
74360,29.0,-63.0,-74.0,37.0,-20.0,-18.0
74400,17.0,-21.0,116.0,36.0,-20.0,24.0
74440,-15.0,66.0,-27.0,35.0,-30.0,7.0
74480,47.0,-202.0,-52.0,38.0,-20.0,-23.0
74520,30.0,281.0,130.0,32.0,-33.0,41.0
74560,91.0,-212.0,-127.0,34.0,-40.0,-15.0
74600,45.0,72.0,61.0,37.0,-24.0,-3.0
74640,8.0,-43.0,-10.0,35.0,-32.0,11.0
74680,15.0,24.0,-94.0,37.0,-20.0,-17.0
74720,34.0,-25.0,-28.0,31.0,-15.0,-14.0
74760,46.0,111.0,54.0,23.0,-40.0,17.0
74800,90.0,-125.0,-109.0,36.0,-38.0,-14.0
74840,33.0,59.0,8.0,39.0,-27.0,-15.0
74880,34.0,75.0,26.0,31.0,-27.0,11.0
74920,59.0,-77.0,-95.0,37.0,1.0,-12.0
74960,41.0,91.0,60.0,25.0,-10.0,32.0
75000,69.0,-6.0,-19.0,20.0,-29.0,-6.0
75040,67.0,-102.0,-64.0,32.0,-18.0,-5.0
75080,17.0,174.0,93.0,28.0,-20.0,27.0
75120,39.0,-120.0,-98.0,26.0,1.0,-34.0
75160,29.0,-22.0,44.0,22.0,22.0,17.0
75200,19.0,129.0,20.0,19.0,-5.0,17.0
75240,68.0,-142.0,-94.0,22.0,2.0,-12.0
75280,25.0,125.0,67.0,12.0,2.0,28.0
75320,34.0,-5.0,-47.0,16.0,0.0,0.0
75360,35.0,-107.0,-57.0,26.0,21.0,-14.0
75400,-16.0,100.0,76.0,11.0,12.0,20.0
75440,15.0,-6.0,-75.0,6.0,14.0,-10.0
75480,28.0,-69.0,-45.0,12.0,34.0,-19.0
75520,-1.0,103.0,66.0,3.0,13.0,24.0
75560,12.0,-83.0,-51.0,8.0,8.0,-34.0
75600,-9.0,5.0,39.0,5.0,11.0,17.0
75640,-13.0,93.0,53.0,1.0,1.0,8.0
75680,14.0,-96.0,-52.0,11.0,28.0,-23.0
75720,-32.0,53.0,77.0,9.0,35.0,0.0
75760,-23.0,52.0,20.0,9.0,11.0,30.0
75800,-19.0,-110.0,-38.0,6.0,16.0,-16.0
75840,-61.0,84.0,122.0,-9.0,5.0,7.0
75880,-47.0,1.0,-23.0,1.0,6.0,-15.0
75920,-27.0,-88.0,-16.0,14.0,30.0,-6.0
75960,-50.0,148.0,128.0,2.0,13.0,10.0
76000,-9.0,-93.0,-73.0,-2.0,9.0,-21.0
76040,-37.0,-2.0,8.0,0.0,11.0,-10.0
76080,-61.0,110.0,33.0,-1.0,-7.0,11.0
76120,-21.0,-140.0,-96.0,6.0,11.0,-40.0
76160,-35.0,56.0,69.0,2.0,5.0,5.0
76200,-20.0,25.0,-13.0,-3.0,-11.0,-17.0
76240,8.0,-121.0,-88.0,9.0,2.0,-37.0
76280,-27.0,97.0,81.0,6.0,-14.0,0.0
76320,3.0,-49.0,-42.0,11.0,-16.0,-22.0
76360,17.0,-61.0,-43.0,13.0,-3.0,-8.0
76400,1.0,71.0,47.0,10.0,-21.0,15.0
76440,32.0,-41.0,-61.0,21.0,-15.0,-29.0
76480,9.0,-106.0,-38.0,20.0,-3.0,2.0
76520,-5.0,166.0,44.0,11.0,-15.0,-1.0
76560,49.0,-206.0,-148.0,13.0,-9.0,-30.0
76600,19.0,73.0,79.0,6.0,-18.0,5.0
76640,26.0,15.0,-41.0,5.0,-34.0,-9.0
76680,44.0,-149.0,-116.0,11.0,-11.0,-37.0
76720,21.0,92.0,71.0,7.0,-15.0,12.0
76760,23.0,-53.0,-95.0,10.0,-16.0,-20.0
76800,31.0,-57.0,-80.0,14.0,-6.0,-28.0
76840,-12.0,52.0,32.0,5.0,-28.0,1.0
76880,24.0,-60.0,-86.0,11.0,-13.0,-40.0
76920,7.0,-94.0,-36.0,11.0,-4.0,-22.0
76960,-15.0,140.0,52.0,4.0,-16.0,-1.0
77000,13.0,-201.0,-119.0,15.0,-6.0,-51.0
77040,-27.0,67.0,64.0,8.0,-10.0,-3.0
77080,-28.0,-10.0,-14.0,7.0,-17.0,-23.0
77120,-31.0,-82.0,-73.0,15.0,5.0,-41.0
77160,-59.0,41.0,71.0,10.0,1.0,-5.0
77200,-60.0,2.0,-11.0,9.0,-3.0,-23.0
77240,-48.0,-146.0,-46.0,10.0,15.0,-29.0
77280,-100.0,130.0,116.0,-4.0,4.0,-12.0
77320,-64.0,-102.0,-62.0,0.0,12.0,-33.0
77360,-81.0,-44.0,11.0,2.0,18.0,-27.0
77400,-94.0,77.0,92.0,-9.0,-2.0,-2.0
77440,-73.0,-127.0,-72.0,-3.0,10.0,-46.0
77480,-95.0,21.0,68.0,-3.0,13.0,-13.0
77520,-119.0,44.0,22.0,-4.0,7.0,-10.0
77560,-86.0,-141.0,-55.0,2.0,20.0,-50.0
77600,-119.0,65.0,110.0,-2.0,9.0,4.0
77640,-100.0,-6.0,-17.0,-2.0,-1.0,-38.0
77680,-90.0,-126.0,-12.0,4.0,13.0,-39.0
77720,-131.0,120.0,123.0,-2.0,4.0,-8.0
77760,-106.0,-128.0,-47.0,2.0,9.0,-45.0
77800,-125.0,-14.0,47.0,5.0,13.0,-23.0
77840,-141.0,52.0,76.0,-2.0,-2.0,-18.0
77880,-113.0,-82.0,-30.0,4.0,3.0,-46.0
77920,-129.0,-25.0,64.0,2.0,4.0,-20.0
77960,-138.0,77.0,66.0,-8.0,-9.0,-13.0
78000,-99.0,-160.0,-56.0,-3.0,2.0,-40.0
78040,-133.0,86.0,104.0,-12.0,-5.0,-5.0
78080,-98.0,-35.0,-10.0,-14.0,-15.0,-21.0
78120,-92.0,-91.0,-52.0,-1.0,-2.0,-37.0
78160,-103.0,66.0,106.0,-10.0,-19.0,2.0
78200,-75.0,-41.0,-53.0,-5.0,-26.0,-32.0
78240,-61.0,-110.0,-14.0,-1.0,-18.0,-27.0
78280,-81.0,144.0,93.0,-8.0,-32.0,0.0
78320,-24.0,-165.0,-116.0,4.0,-27.0,-42.0
78360,-38.0,45.0,52.0,3.0,-22.0,-4.0
78400,-32.0,27.0,6.0,0.0,-39.0,-9.0
78440,-1.0,-139.0,-106.0,9.0,-30.0,-38.0
78480,-44.0,62.0,47.0,8.0,-31.0,1.0
78520,-19.0,-32.0,-33.0,11.0,-40.0,-26.0
78560,-9.0,-100.0,-77.0,18.0,-23.0,-30.0
78600,-15.0,85.0,65.0,7.0,-36.0,6.0
78640,13.0,-68.0,-81.0,8.0,-45.0,-21.0
78680,15.0,-70.0,-25.0,9.0,-35.0,-18.0
78720,-19.0,93.0,23.0,1.0,-50.0,7.0
78760,17.0,-125.0,-122.0,8.0,-39.0,-32.0
78800,-6.0,7.0,-11.0,5.0,-29.0,-6.0
78840,-6.0,39.0,-15.0,-2.0,-43.0,-6.0
78880,21.0,-115.0,-127.0,6.0,-32.0,-46.0
78920,-3.0,32.0,38.0,1.0,-33.0,6.0
78960,11.0,24.0,-42.0,3.0,-44.0,-23.0
79000,33.0,-128.0,-84.0,5.0,-26.0,-31.0
79040,7.0,137.0,52.0,3.0,-36.0,13.0
79080,38.0,-106.0,-106.0,6.0,-32.0,-26.0
79120,23.0,-22.0,-22.0,9.0,-10.0,-10.0
79160,5.0,69.0,6.0,1.0,-19.0,-1.0
79200,24.0,-100.0,-128.0,7.0,-7.0,-22.0
79240,15.0,1.0,23.0,5.0,-4.0,-17.0
79280,9.0,56.0,-11.0,-1.0,-24.0,9.0
79320,43.0,-115.0,-107.0,3.0,-5.0,-42.0
79360,-6.0,83.0,30.0,-1.0,-3.0,13.0
79400,21.0,10.0,-50.0,-3.0,-10.0,-12.0
79440,21.0,-90.0,-84.0,1.0,12.0,-18.0
79480,-20.0,99.0,43.0,-7.0,4.0,13.0
79520,-1.0,-26.0,-81.0,-3.0,6.0,-25.0
79560,-15.0,-71.0,-47.0,-2.0,27.0,-13.0
79600,-35.0,134.0,72.0,-12.0,15.0,5.0
79640,-5.0,-140.0,-92.0,-14.0,16.0,-24.0
79680,-28.0,32.0,35.0,-15.0,17.0,-1.0
79720,-44.0,47.0,20.0,-23.0,-2.0,4.0
79760,-29.0,-112.0,-89.0,-14.0,17.0,-39.0
79800,-64.0,52.0,60.0,-17.0,18.0,12.0
79840,-58.0,9.0,-30.0,-19.0,8.0,-12.0
79880,-42.0,-135.0,-74.0,-13.0,20.0,-31.0
79920,-92.0,108.0,74.0,-20.0,7.0,5.0
79960,-40.0,-62.0,-63.0,-16.0,4.0,-37.0
80000,-47.0,-71.0,-33.0,-11.0,16.0,-14.0
80040,-54.0,124.0,72.0,-20.0,-2.0,-6.0
80080,-28.0,-131.0,-99.0,-13.0,2.0,-44.0
80120,-50.0,53.0,20.0,-12.0,9.0,-2.0
80160,-55.0,40.0,-6.0,-14.0,-4.0,-20.0
80200,-20.0,-65.0,-89.0,-12.0,12.0,-31.0
80240,-48.0,-5.0,29.0,-16.0,2.0,-2.0
80280,-29.0,118.0,-9.0,-21.0,-12.0,-14.0
80320,4.0,-221.0,-141.0,-14.0,0.0,-34.0
80360,-34.0,205.0,121.0,-25.0,-13.0,6.0
80400,7.0,-148.0,-116.0,-17.0,-16.0,-33.0
80440,-17.0,-5.0,-43.0,-16.0,-6.0,-19.0
80480,-19.0,81.0,33.0,-19.0,-32.0,0.0
80520,12.0,-114.0,-119.0,-8.0,-23.0,-30.0
80560,7.0,7.0,-6.0,-9.0,-18.0,-3.0
80600,-4.0,52.0,-14.0,-14.0,-32.0,-1.0
80640,32.0,-121.0,-117.0,-3.0,-16.0,-39.0
80680,11.0,56.0,19.0,-8.0,-26.0,18.0
80720,32.0,-2.0,-61.0,-8.0,-36.0,-16.0
80760,53.0,-84.0,-98.0,-5.0,-24.0,-31.0
80800,23.0,59.0,23.0,-8.0,-33.0,12.0
80840,36.0,13.0,-97.0,-1.0,-27.0,-25.0
80880,40.0,-140.0,-78.0,-4.0,-13.0,-15.0
80920,9.0,196.0,62.0,-14.0,-25.0,13.0
80960,55.0,-180.0,-160.0,-10.0,-23.0,-29.0
81000,21.0,67.0,26.0,-16.0,-18.0,4.0
81040,18.0,18.0,-14.0,-19.0,-38.0,-6.0
81080,28.0,-93.0,-112.0,-15.0,-21.0,-18.0
81120,0.0,37.0,46.0,-16.0,-23.0,-1.0
81160,-24.0,11.0,-42.0,-20.0,-28.0,-3.0
81200,-9.0,-116.0,-83.0,-10.0,-9.0,-29.0
81240,-56.0,84.0,68.0,-14.0,-22.0,18.0
81280,-34.0,-73.0,-67.0,-11.0,-20.0,-14.0
81320,-37.0,-44.0,-20.0,-7.0,-10.0,-29.0
81360,-65.0,46.0,62.0,-14.0,-20.0,16.0
81400,-42.0,-79.0,-65.0,-7.0,-6.0,-50.0
81440,-71.0,-71.0,-5.0,-10.0,2.0,-15.0
81480,-85.0,83.0,77.0,-17.0,-9.0,-21.0
81520,-62.0,-150.0,-116.0,-11.0,-1.0,-49.0
81560,-94.0,9.0,66.0,-14.0,-1.0,-18.0
81600,-107.0,28.0,7.0,-21.0,-8.0,-43.0
81640,-80.0,-178.0,-69.0,-18.0,9.0,-44.0
81680,-126.0,122.0,75.0,-25.0,1.0,-15.0
81720,-93.0,-103.0,-37.0,-28.0,-4.0,-50.0
81760,-99.0,-47.0,-25.0,-23.0,6.0,-39.0
81800,-126.0,29.0,84.0,-33.0,-7.0,-16.0
81840,-123.0,-55.0,-64.0,-23.0,2.0,-56.0
81880,-127.0,-83.0,19.0,-23.0,11.0,-39.0
81920,-157.0,120.0,86.0,-30.0,-2.0,-7.0
81960,-124.0,-183.0,-99.0,-19.0,7.0,-69.0
82000,-153.0,75.0,105.0,-25.0,4.0,-12.0
82040,-140.0,-4.0,3.0,-26.0,-12.0,-29.0
82080,-118.0,-124.0,-46.0,-17.0,3.0,-48.0
82120,-156.0,64.0,106.0,-25.0,-4.0,-9.0
82160,-132.0,-30.0,-36.0,-21.0,-9.0,-44.0
82200,-126.0,-126.0,-60.0,-15.0,5.0,-38.0
82240,-142.0,138.0,106.0,-21.0,-9.0,0.0
82280,-98.0,-153.0,-120.0,-16.0,-16.0,-55.0
82320,-102.0,0.0,36.0,-19.0,-10.0,-10.0
82360,-107.0,49.0,17.0,-21.0,-31.0,-16.0
82400,-57.0,-135.0,-96.0,-17.0,-17.0,-37.0
82440,-67.0,43.0,54.0,-20.0,-12.0,-16.0
82480,-53.0,6.0,-15.0,-19.0,-28.0,-3.0
82520,-32.0,-116.0,-108.0,-9.0,-16.0,-35.0
82560,-63.0,45.0,74.0,-20.0,-27.0,5.0
82600,-49.0,-21.0,-65.0,-17.0,-31.0,-18.0
82640,-21.0,-100.0,-60.0,-11.0,-15.0,-24.0
82680,-40.0,123.0,73.0,-16.0,-31.0,24.0
82720,1.0,-115.0,-94.0,-9.0,-36.0,-37.0
82760,-10.0,0.0,9.0,-9.0,-28.0,4.0
82800,-26.0,80.0,-4.0,-14.0,-40.0,13.0
82840,7.0,-119.0,-115.0,-13.0,-28.0,-20.0
82880,-14.0,56.0,28.0,-14.0,-27.0,19.0
82920,-14.0,28.0,-56.0,-16.0,-45.0,6.0
82960,22.0,-66.0,-111.0,-13.0,-30.0,-11.0
83000,-6.0,71.0,18.0,-12.0,-33.0,19.0
83040,17.0,26.0,-60.0,-19.0,-39.0,-2.0
83080,34.0,-86.0,-99.0,-14.0,-28.0,0.0
83120,17.0,175.0,45.0,-24.0,-43.0,40.0
83160,58.0,-104.0,-125.0,-23.0,-38.0,-3.0
83200,39.0,41.0,-4.0,-19.0,-19.0,13.0
83240,18.0,87.0,-8.0,-26.0,-26.0,37.0
83280,43.0,-58.0,-109.0,-21.0,-8.0,-8.0
83320,27.0,48.0,29.0,-26.0,-8.0,35.0
83360,36.0,98.0,7.0,-33.0,-28.0,27.0
83400,61.0,-98.0,-116.0,-24.0,-14.0,3.0
83440,19.0,136.0,76.0,-32.0,-14.0,51.0
83480,30.0,-20.0,-66.0,-33.0,-17.0,17.0
83520,30.0,-42.0,-37.0,-34.0,2.0,22.0
83560,-8.0,105.0,23.0,-43.0,-11.0,53.0
83600,20.0,-54.0,-79.0,-38.0,-11.0,-1.0
83640,-6.0,-57.0,-14.0,-35.0,3.0,25.0
83680,-31.0,129.0,52.0,-46.0,-12.0,29.0
83720,-3.0,-155.0,-120.0,-41.0,-2.0,-5.0
83760,-25.0,85.0,62.0,-47.0,-3.0,24.0
83800,-19.0,-22.0,-23.0,-47.0,-19.0,15.0
83840,-12.0,-50.0,-65.0,-38.0,0.0,-14.0
83880,-46.0,10.0,40.0,-41.0,-1.0,12.0
83920,-44.0,59.0,-10.0,-44.0,-5.0,-4.0
83960,-28.0,-150.0,-79.0,-37.0,11.0,-13.0
84000,-69.0,182.0,102.0,-48.0,-4.0,11.0
84040,-30.0,-146.0,-94.0,-42.0,-4.0,-28.0
84080,-55.0,56.0,11.0,-42.0,5.0,-7.0
84120,-59.0,27.0,10.0,-46.0,-10.0,-4.0
84160,-38.0,-1.0,-69.0,-45.0,-2.0,-36.0
84200,-49.0,-40.0,-21.0,-44.0,-1.0,-8.0
84240,-60.0,160.0,21.0,-47.0,-18.0,-6.0
84280,-26.0,-181.0,-157.0,-38.0,-2.0,-42.0
84320,-64.0,163.0,84.0,-43.0,-10.0,8.0
84360,-36.0,-53.0,-79.0,-38.0,-17.0,-26.0
84400,-23.0,-33.0,-64.0,-30.0,-1.0,-25.0
84440,-40.0,67.0,42.0,-34.0,-17.0,4.0
84480,-18.0,-13.0,-78.0,-28.0,-22.0,-34.0
84520,-3.0,-87.0,-44.0,-17.0,-16.0,-13.0
84560,-37.0,170.0,51.0,-24.0,-35.0,12.0
84600,17.0,-166.0,-116.0,-15.0,-25.0,-41.0
84640,-22.0,67.0,34.0,-19.0,-19.0,14.0
84680,2.0,28.0,-21.0,-23.0,-32.0,7.0
84720,15.0,-107.0,-100.0,-17.0,-20.0,-23.0
84760,4.0,72.0,51.0,-25.0,-32.0,28.0
84800,12.0,-10.0,-80.0,-24.0,-44.0,-6.0
84840,35.0,-81.0,-95.0,-19.0,-27.0,-5.0
84880,1.0,91.0,46.0,-30.0,-37.0,27.0
84920,31.0,-44.0,-99.0,-28.0,-31.0,-3.0
84960,25.0,-39.0,-67.0,-27.0,-21.0,10.0
85000,19.0,119.0,45.0,-34.0,-40.0,44.0
85040,46.0,-85.0,-148.0,-26.0,-34.0,-10.0
85080,44.0,8.0,16.0,-31.0,-31.0,37.0
85120,19.0,131.0,-1.0,-34.0,-46.0,30.0
85160,56.0,-152.0,-159.0,-28.0,-28.0,-2.0
85200,5.0,138.0,75.0,-32.0,-30.0,42.0
85240,18.0,-13.0,-72.0,-34.0,-37.0,11.0
85280,10.0,-65.0,-95.0,-27.0,-17.0,5.0
85320,-23.0,141.0,49.0,-38.0,-28.0,40.0
85360,-12.0,-73.0,-91.0,-34.0,-26.0,-2.0
85400,-16.0,-8.0,-34.0,-35.0,-12.0,21.0
85440,-59.0,101.0,21.0,-42.0,-23.0,26.0
85480,-40.0,-84.0,-117.0,-38.0,-10.0,-10.0
85520,-66.0,20.0,13.0,-39.0,-6.0,17.0
85560,-86.0,66.0,-6.0,-46.0,-21.0,18.0
85600,-57.0,-86.0,-91.0,-40.0,-6.0,-26.0
85640,-92.0,26.0,42.0,-45.0,-8.0,30.0
85680,-90.0,75.0,-2.0,-48.0,-11.0,-5.0
85720,-81.0,-186.0,-94.0,-40.0,4.0,-13.0
85760,-120.0,179.0,133.0,-48.0,-8.0,23.0
85800,-95.0,-132.0,-110.0,-45.0,-12.0,-14.0
85840,-96.0,6.0,13.0,-43.0,3.0,-14.0
85880,-118.0,25.0,62.0,-51.0,-15.0,16.0
85920,-108.0,-50.0,-67.0,-45.0,-5.0,-38.0
85960,-115.0,-75.0,14.0,-42.0,-2.0,-2.0
86000,-150.0,142.0,67.0,-48.0,-18.0,-1.0
86040,-100.0,-212.0,-120.0,-39.0,-4.0,-41.0
86080,-151.0,151.0,125.0,-45.0,-5.0,2.0
86120,-133.0,-85.0,-60.0,-44.0,-18.0,-12.0
86160,-127.0,0.0,-31.0,-36.0,-2.0,-37.0
86200,-139.0,18.0,53.0,-44.0,-13.0,11.0
86240,-128.0,39.0,-38.0,-40.0,-17.0,-31.0
86280,-108.0,-120.0,-64.0,-34.0,-2.0,-22.0
86320,-142.0,206.0,94.0,-45.0,-19.0,11.0
86360,-84.0,-167.0,-132.0,-35.0,-18.0,-36.0
86400,-105.0,101.0,31.0,-39.0,-12.0,0.0
86440,-82.0,23.0,-2.0,-42.0,-34.0,3.0
86480,-53.0,-32.0,-96.0,-34.0,-22.0,-25.0
86520,-54.0,16.0,-3.0,-36.0,-21.0,18.0
86560,-60.0,89.0,-22.0,-41.0,-32.0,-5.0
86600,-11.0,-134.0,-123.0,-30.0,-15.0,-6.0
86640,-58.0,147.0,52.0,-36.0,-25.0,25.0
86680,-20.0,-61.0,-127.0,-34.0,-32.0,-5.0
86720,-21.0,-21.0,-61.0,-26.0,-14.0,-3.0
86760,-16.0,91.0,43.0,-33.0,-34.0,43.0
86800,0.0,-46.0,-131.0,-30.0,-30.0,-13.0
86840,8.0,-17.0,-20.0,-31.0,-25.0,17.0
86880,-21.0,123.0,-19.0,-35.0,-39.0,36.0
86920,30.0,-164.0,-175.0,-26.0,-22.0,-10.0
86960,-19.0,99.0,24.0,-35.0,-20.0,39.0
87000,3.0,-1.0,-115.0,-41.0,-39.0,20.0
87040,15.0,-79.0,-137.0,-33.0,-24.0,-5.0
87080,-5.0,91.0,1.0,-39.0,-29.0,35.0
87120,11.0,-69.0,-121.0,-37.0,-34.0,-10.0
87160,21.0,-4.0,-102.0,-32.0,-17.0,21.0
87200,7.0,83.0,-31.0,-40.0,-35.0,29.0
87240,45.0,-30.0,-148.0,-37.0,-31.0,12.0
87280,37.0,-21.0,-54.0,-33.0,-16.0,13.0
87320,21.0,136.0,-37.0,-38.0,-28.0,42.0
87360,61.0,-120.0,-185.0,-30.0,-11.0,-5.0
87400,26.0,96.0,-21.0,-39.0,-8.0,38.0
87440,22.0,-18.0,-67.0,-42.0,-22.0,11.0
87480,19.0,-28.0,-147.0,-38.0,0.0,-1.0
87520,5.0,90.0,-12.0,-45.0,-5.0,33.0
87560,26.0,22.0,-108.0,-43.0,-13.0,11.0
87600,39.0,-74.0,-90.0,-41.0,0.0,4.0
87640,11.0,169.0,9.0,-47.0,-18.0,47.0
87680,27.0,-86.0,-179.0,-46.0,-3.0,-15.0
87720,-8.0,36.0,-34.0,-49.0,20.0,27.0
87760,-36.0,73.0,-33.0,-61.0,3.0,16.0
87800,-12.0,-98.0,-154.0,-60.0,9.0,-14.0
87840,-46.0,39.0,1.0,-63.0,-2.0,17.0
87880,-37.0,52.0,-31.0,-67.0,-22.0,5.0
87920,-24.0,-127.0,-113.0,-56.0,3.0,-31.0
87960,-65.0,114.0,49.0,-62.0,6.0,24.0
88000,-53.0,-38.0,-90.0,-61.0,5.0,-24.0
88040,-46.0,-65.0,-56.0,-60.0,18.0,11.0
88080,-76.0,115.0,23.0,-69.0,-10.0,12.0
88120,-44.0,-108.0,-115.0,-64.0,-14.0,-20.0
88160,-63.0,16.0,-8.0,-58.0,-1.0,-8.0
88200,-78.0,20.0,-16.0,-64.0,-13.0,0.0
88240,-63.0,-51.0,-108.0,-57.0,4.0,-41.0
88280,-73.0,-17.0,-14.0,-64.0,-3.0,1.0
88320,-65.0,108.0,-30.0,-68.0,-31.0,1.0
88360,-26.0,-156.0,-156.0,-55.0,-22.0,-26.0
88400,-62.0,148.0,48.0,-58.0,-30.0,14.0
88440,-40.0,-75.0,-123.0,-54.0,-27.0,-22.0
88480,-47.0,-7.0,-77.0,-44.0,-4.0,-16.0
88520,-56.0,61.0,-1.0,-52.0,-23.0,10.0
88560,-29.0,-19.0,-114.0,-52.0,-25.0,-30.0
88600,-10.0,-39.0,-63.0,-48.0,-27.0,-5.0
88640,-29.0,97.0,12.0,-52.0,-53.0,5.0
88680,8.0,-98.0,-137.0,-41.0,-37.0,-35.0
88720,-23.0,13.0,-16.0,-40.0,-31.0,11.0
88760,-19.0,104.0,-58.0,-44.0,-40.0,2.0
88800,21.0,-168.0,-172.0,-34.0,-23.0,-21.0
88840,-7.0,164.0,27.0,-42.0,-40.0,31.0
88880,29.0,-78.0,-131.0,-40.0,-52.0,-13.0
88920,32.0,-10.0,-114.0,-33.0,-38.0,9.0
88960,30.0,45.0,6.0,-43.0,-50.0,18.0
89000,34.0,-4.0,-130.0,-36.0,-38.0,-13.0
89040,51.0,-61.0,-91.0,-36.0,-25.0,13.0
89080,18.0,171.0,-18.0,-44.0,-47.0,30.0
89120,66.0,-146.0,-167.0,-39.0,-38.0,-13.0
89160,23.0,98.0,7.0,-44.0,-40.0,29.0
89200,23.0,41.0,-61.0,-46.0,-44.0,24.0
89240,35.0,-61.0,-130.0,-38.0,-20.0,-3.0
89280,-2.0,78.0,31.0,-46.0,-26.0,47.0
89320,3.0,40.0,-56.0,-47.0,-35.0,9.0
89360,4.0,-70.0,-119.0,-44.0,-21.0,20.0
89400,-23.0,157.0,59.0,-53.0,-34.0,45.0
89440,-27.0,-82.0,-124.0,-48.0,-24.0,4.0
89480,-43.0,14.0,-17.0,-44.0,-7.0,30.0
89520,-80.0,94.0,6.0,-52.0,-21.0,42.0
89560,-44.0,-73.0,-114.0,-47.0,-6.0,-4.0
89600,-65.0,35.0,11.0,-52.0,-9.0,37.0
89640,-77.0,65.0,1.0,-57.0,-27.0,26.0
89680,-57.0,-88.0,-124.0,-46.0,-6.0,-8.0
89720,-94.0,66.0,68.0,-55.0,-9.0,42.0
89760,-86.0,52.0,-37.0,-53.0,-9.0,-1.0
89800,-75.0,-127.0,-95.0,-47.0,9.0,3.0
89840,-103.0,201.0,88.0,-56.0,-5.0,28.0
89880,-77.0,-140.0,-111.0,-53.0,-11.0,-12.0
89920,-97.0,66.0,32.0,-53.0,-2.0,11.0
89960,-126.0,38.0,7.0,-64.0,-19.0,13.0
90000,-110.0,-37.0,-83.0,-56.0,-3.0,-15.0
90040,-124.0,-15.0,17.0,-57.0,1.0,5.0
90080,-149.0,95.0,15.0,-61.0,-17.0,10.0
90120,-125.0,-130.0,-119.0,-53.0,-4.0,-39.0
90160,-168.0,110.0,75.0,-59.0,-15.0,16.0
90200,-165.0,-55.0,-75.0,-54.0,-26.0,-21.0
90240,-154.0,-34.0,-34.0,-47.0,-10.0,-25.0
90280,-170.0,49.0,51.0,-52.0,-25.0,12.0
90320,-152.0,-24.0,-84.0,-44.0,-24.0,-30.0
90360,-140.0,-77.0,-20.0,-41.0,-13.0,-17.0
90400,-160.0,125.0,50.0,-46.0,-33.0,7.0
90440,-110.0,-157.0,-109.0,-37.0,-27.0,-35.0
90480,-132.0,79.0,33.0,-36.0,-20.0,-2.0
90520,-109.0,9.0,-11.0,-40.0,-39.0,-1.0
90560,-82.0,-43.0,-101.0,-32.0,-23.0,-24.0
90600,-82.0,17.0,19.0,-35.0,-31.0,18.0
90640,-79.0,53.0,-54.0,-42.0,-46.0,-2.0
90680,-34.0,-106.0,-101.0,-34.0,-28.0,-11.0
90720,-68.0,140.0,35.0,-40.0,-38.0,28.0
90760,-19.0,-91.0,-125.0,-37.0,-40.0,-12.0
90800,-24.0,-18.0,-35.0,-30.0,-24.0,7.0
90840,-29.0,90.0,17.0,-43.0,-46.0,31.0
90880,2.0,-75.0,-130.0,-40.0,-42.0,-13.0
90920,0.0,33.0,-9.0,-41.0,-38.0,25.0
90960,-9.0,23.0,-19.0,-42.0,-54.0,25.0
91000,-1.0,-96.0,-131.0,-31.0,-28.0,-22.0
91040,-39.0,62.0,1.0,-37.0,-26.0,26.0
91080,-23.0,23.0,-69.0,-47.0,-40.0,2.0
91120,-5.0,-91.0,-109.0,-38.0,-28.0,-9.0
91160,-22.0,102.0,22.0,-44.0,-43.0,19.0
91200,1.0,-29.0,-108.0,-39.0,-40.0,-13.0
91240,-6.0,-32.0,-61.0,-33.0,-19.0,6.0
91280,-34.0,119.0,42.0,-44.0,-35.0,23.0
91320,1.0,-80.0,-154.0,-41.0,-25.0,-8.0
91360,-1.0,35.0,-16.0,-40.0,-19.0,21.0
91400,0.0,89.0,-12.0,-47.0,-35.0,25.0
91440,19.0,-106.0,-127.0,-43.0,-15.0,-21.0
91480,-15.0,101.0,19.0,-50.0,-15.0,41.0
91520,-11.0,-44.0,-90.0,-49.0,-19.0,-1.0
91560,10.0,-37.0,-65.0,-46.0,2.0,-2.0
91600,2.0,91.0,25.0,-59.0,-12.0,31.0
91640,34.0,-24.0,-112.0,-55.0,-17.0,6.0
91680,32.0,-67.0,-40.0,-49.0,-3.0,-1.0
91720,-6.0,93.0,24.0,-54.0,-17.0,23.0
91760,6.0,-110.0,-135.0,-48.0,5.0,-22.0
91800,-14.0,35.0,-9.0,-50.0,25.0,13.0
91840,-8.0,26.0,-27.0,-61.0,1.0,-5.0
91880,7.0,-119.0,-107.0,-56.0,8.0,-30.0
91920,-22.0,77.0,6.0,-55.0,-5.0,6.0
91960,-7.0,-45.0,-69.0,-58.0,-14.0,-12.0
92000,-16.0,-66.0,-50.0,-56.0,15.0,-44.0
92040,-49.0,63.0,20.0,-63.0,12.0,7.0
92080,-43.0,-24.0,-110.0,-58.0,15.0,-30.0
92120,-34.0,-58.0,-57.0,-57.0,21.0,-16.0
92160,-49.0,79.0,40.0,-69.0,-7.0,5.0
92200,-27.0,-94.0,-105.0,-64.0,-4.0,-38.0
92240,-59.0,-4.0,5.0,-62.0,6.0,-12.0
92280,-70.0,60.0,17.0,-67.0,-3.0,-14.0
92320,-45.0,-101.0,-97.0,-61.0,18.0,-46.0
92360,-56.0,75.0,39.0,-67.0,6.0,19.0
92400,-42.0,26.0,-29.0,-71.0,-24.0,-19.0
92440,-30.0,-85.0,-78.0,-58.0,-15.0,-19.0
92480,-60.0,113.0,62.0,-59.0,-21.0,9.0
92520,-34.0,-59.0,-74.0,-58.0,-5.0,-22.0
92560,-35.0,-27.0,-23.0,-54.0,13.0,-9.0
92600,-39.0,92.0,35.0,-60.0,-18.0,15.0
92640,1.0,-81.0,-88.0,-55.0,-25.0,-27.0
92680,-5.0,26.0,6.0,-56.0,-28.0,14.0
92720,-2.0,30.0,19.0,-56.0,-39.0,0.0
92760,15.0,-68.0,-87.0,-43.0,-13.0,-18.0
92800,2.0,25.0,33.0,-46.0,-18.0,26.0
92840,10.0,83.0,-22.0,-51.0,-30.0,4.0
92880,50.0,-149.0,-92.0,-46.0,-18.0,-7.0
92920,20.0,161.0,68.0,-49.0,-41.0,46.0
92960,49.0,-90.0,-108.0,-45.0,-46.0,-6.0
93000,44.0,12.0,-22.0,-42.0,-31.0,19.0
93040,35.0,49.0,18.0,-49.0,-40.0,35.0
93080,50.0,-32.0,-103.0,-42.0,-26.0,-4.0
93120,51.0,-10.0,-34.0,-43.0,-24.0,31.0
93160,43.0,105.0,6.0,-49.0,-51.0,33.0
93200,75.0,-115.0,-121.0,-41.0,-43.0,0.0
93240,43.0,70.0,36.0,-46.0,-45.0,42.0
93280,36.0,24.0,-53.0,-46.0,-45.0,16.0
93320,44.0,-92.0,-91.0,-37.0,-15.0,2.0
93360,13.0,133.0,47.0,-43.0,-28.0,42.0
93400,41.0,-50.0,-100.0,-42.0,-36.0,2.0
93440,40.0,-13.0,-38.0,-39.0,-30.0,8.0
93480,5.0,84.0,35.0,-42.0,-44.0,31.0
93520,7.0,-53.0,-100.0,-36.0,-23.0,-13.0
93560,-21.0,3.0,-7.0,-35.0,-7.0,21.0
93600,-40.0,85.0,24.0,-45.0,-20.0,25.0
93640,-18.0,-99.0,-121.0,-39.0,-8.0,-15.0
93680,-38.0,67.0,44.0,-43.0,-18.0,26.0
93720,-57.0,20.0,-33.0,-46.0,-29.0,1.0
93760,-48.0,-105.0,-81.0,-40.0,-4.0,-18.0
93800,-89.0,99.0,74.0,-46.0,-9.0,23.0
93840,-71.0,-49.0,-75.0,-46.0,-6.0,-17.0
93880,-70.0,-34.0,-44.0,-43.0,5.0,-12.0
93920,-89.0,85.0,62.0,-49.0,-15.0,20.0
93960,-81.0,-67.0,-84.0,-43.0,-9.0,-34.0
94000,-102.0,-23.0,10.0,-43.0,-1.0,1.0
94040,-133.0,111.0,37.0,-47.0,-13.0,0.0
94080,-96.0,-146.0,-95.0,-40.0,6.0,-36.0
94120,-130.0,112.0,78.0,-44.0,6.0,11.0
94160,-122.0,-13.0,-37.0,-47.0,-12.0,-15.0
94200,-107.0,-29.0,-43.0,-39.0,0.0,-20.0
94240,-135.0,39.0,67.0,-44.0,-16.0,22.0
94280,-147.0,20.0,-16.0,-45.0,-16.0,-21.0
94320,-138.0,-74.0,-53.0,-39.0,5.0,-8.0
94360,-154.0,142.0,79.0,-43.0,-9.0,27.0
94400,-130.0,-120.0,-97.0,-35.0,-9.0,-20.0
94440,-128.0,53.0,61.0,-38.0,-11.0,6.0
94480,-148.0,23.0,-4.0,-40.0,-36.0,22.0
94520,-117.0,-46.0,-59.0,-31.0,-20.0,-25.0
94560,-129.0,1.0,56.0,-33.0,-14.0,24.0
94600,-125.0,82.0,3.0,-34.0,-29.0,10.0
94640,-79.0,-105.0,-101.0,-26.0,-16.0,-11.0
94680,-103.0,66.0,54.0,-33.0,-29.0,34.0
94720,-93.0,-46.0,-105.0,-30.0,-41.0,-3.0
94760,-92.0,-48.0,-16.0,-27.0,-17.0,-17.0
94800,-55.0,183.0,137.0,-33.0,-32.0,35.0
94840,-57.0,-154.0,-272.0,-24.0,-29.0,-12.0
94880,-25.0,73.0,99.0,-23.0,-25.0,18.0
94920,-43.0,24.0,48.0,-26.0,-56.0,47.0
94960,-3.0,-49.0,-183.0,-26.0,-41.0,-8.0
95000,-26.0,127.0,48.0,-38.0,-34.0,30.0
95040,0.0,-2.0,-42.0,-31.0,-42.0,34.0
95080,15.0,-132.0,-151.0,-21.0,-23.0,3.0
95120,-37.0,140.0,44.0,-35.0,-35.0,29.0
95160,-13.0,-67.0,-103.0,-38.0,-47.0,-18.0
95200,10.0,22.0,-69.0,-39.0,-32.0,42.0
95240,-1.0,46.0,-37.0,-35.0,-52.0,9.0
95280,29.0,-75.0,-66.0,-34.0,-47.0,-19.0
95320,23.0,27.0,-72.0,-20.0,-28.0,33.0
95360,8.0,74.0,-71.0,-23.0,-38.0,12.0
95400,30.0,-48.0,-71.0,-32.0,-23.0,-23.0
95440,15.0,-8.0,-55.0,-31.0,-27.0,18.0
95480,13.0,61.0,-31.0,-29.0,-45.0,-2.0
95520,28.0,-55.0,-152.0,-29.0,-23.0,-14.0
95560,34.0,39.0,21.0,-35.0,-25.0,12.0
95600,16.0,60.0,-47.0,-38.0,-33.0,-6.0
95640,29.0,-119.0,-100.0,-30.0,-15.0,-21.0
95680,-11.0,191.0,-3.0,-45.0,-23.0,45.0
95720,42.0,-72.0,-136.0,-44.0,-11.0,-34.0
95760,33.0,-1.0,-3.0,-42.0,3.0,16.0
95800,7.0,70.0,-4.0,-51.0,-23.0,28.0
95840,16.0,-71.0,-132.0,-50.0,-9.0,-29.0
95880,22.0,38.0,32.0,-57.0,0.0,16.0
95920,25.0,15.0,-38.0,-61.0,-14.0,17.0
95960,29.0,-79.0,-90.0,-54.0,9.0,-45.0
96000,-3.0,43.0,52.0,-56.0,-5.0,23.0
96040,-1.0,-11.0,-84.0,-54.0,-16.0,0.0
96080,-4.0,-104.0,-56.0,-53.0,9.0,-34.0
96120,-32.0,133.0,70.0,-62.0,1.0,-1.0
96160,1.0,-132.0,-146.0,-46.0,9.0,-20.0
96200,-32.0,2.0,36.0,-48.0,21.0,-23.0
96240,-44.0,56.0,43.0,-65.0,-3.0,-9.0
96280,-21.0,-101.0,-151.0,-56.0,7.0,-44.0
96320,-33.0,41.0,31.0,-54.0,9.0,-1.0
96360,-40.0,4.0,-7.0,-60.0,-2.0,-21.0
96400,-30.0,-93.0,-94.0,-49.0,14.0,-40.0
96440,-68.0,80.0,45.0,-58.0,6.0,2.0
96480,-56.0,-2.0,-67.0,-58.0,0.0,-27.0
96520,-36.0,-103.0,-41.0,-51.0,11.0,-9.0
96560,-65.0,151.0,71.0,-59.0,-9.0,-1.0
96600,-27.0,-128.0,-118.0,-54.0,-9.0,-23.0
96640,-37.0,26.0,15.0,-50.0,6.0,5.0
96680,-38.0,33.0,13.0,-54.0,-10.0,-6.0
96720,-20.0,-88.0,-86.0,-46.0,4.0,-33.0
96760,-28.0,36.0,0.0,-41.0,-2.0,8.0
96800,-19.0,-4.0,-28.0,-39.0,-22.0,-6.0
96840,-3.0,-110.0,-50.0,-39.0,-5.0,-39.0
96880,-24.0,34.0,50.0,-40.0,-16.0,16.0
96920,-12.0,3.0,-85.0,-31.0,-20.0,-25.0
96960,39.0,-120.0,-58.0,-30.0,-2.0,-19.0
97000,21.0,86.0,58.0,-34.0,-22.0,22.0
97040,46.0,-86.0,-125.0,-27.0,-18.0,-41.0
97080,35.0,-6.0,-57.0,-26.0,-7.0,1.0
97120,32.0,39.0,-4.0,-26.0,-25.0,20.0
97160,55.0,-64.0,-123.0,-25.0,-11.0,-38.0
97200,60.0,0.0,-27.0,-31.0,-13.0,20.0
97240,52.0,60.0,-42.0,-32.0,-33.0,11.0
97280,77.0,-117.0,-122.0,-26.0,-13.0,-29.0
97320,53.0,95.0,20.0,-29.0,-23.0,35.0
97360,69.0,-18.0,-111.0,-33.0,-28.0,-6.0
97400,79.0,-52.0,-90.0,-22.0,-7.0,-7.0
97440,52.0,96.0,11.0,-27.0,-25.0,32.0
97480,74.0,-55.0,-128.0,-26.0,-20.0,-9.0
97520,52.0,-7.0,-52.0,-21.0,-6.0,0.0
97560,35.0,65.0,27.0,-31.0,-22.0,18.0
97600,46.0,-65.0,-124.0,-20.0,-11.0,-26.0
97640,34.0,16.0,0.0,-20.0,-12.0,21.0
97680,18.0,65.0,5.0,-29.0,-24.0,-4.0
97720,40.0,-92.0,-105.0,-21.0,0.0,-18.0
97760,5.0,68.0,41.0,-24.0,-2.0,29.0
97800,-8.0,9.0,-48.0,-28.0,-6.0,-14.0
97840,-6.0,-85.0,-74.0,-26.0,11.0,-6.0
97880,-43.0,117.0,66.0,-36.0,-1.0,21.0
97920,-34.0,-93.0,-85.0,-34.0,0.0,-26.0
97960,-50.0,-10.0,-1.0,-36.0,13.0,4.0
98000,-69.0,55.0,35.0,-45.0,-6.0,5.0
98040,-60.0,-104.0,-94.0,-39.0,8.0,-33.0
98080,-73.0,13.0,48.0,-39.0,12.0,5.0
98120,-104.0,34.0,1.0,-45.0,-4.0,-8.0
98160,-71.0,-95.0,-63.0,-37.0,12.0,-33.0
98200,-110.0,49.0,53.0,-38.0,0.0,17.0
98240,-95.0,-14.0,-34.0,-38.0,-7.0,-22.0
98280,-99.0,-80.0,-26.0,-31.0,14.0,-30.0
98320,-110.0,61.0,114.0,-37.0,-1.0,8.0
98360,-112.0,-42.0,-68.0,-32.0,3.0,-27.0
98400,-95.0,-35.0,31.0,-28.0,14.0,-20.0
98440,-118.0,63.0,99.0,-33.0,-6.0,10.0
98480,-88.0,-63.0,-64.0,-26.0,3.0,-33.0
98520,-105.0,-19.0,44.0,-25.0,12.0,2.0
98560,-125.0,77.0,62.0,-36.0,-7.0,6.0
98600,-97.0,-114.0,-87.0,-27.0,7.0,-32.0
98640,-109.0,89.0,120.0,-34.0,0.0,12.0
98680,-97.0,-19.0,1.0,-35.0,-15.0,-11.0
98720,-89.0,-47.0,-53.0,-27.0,1.0,-20.0
98760,-101.0,92.0,88.0,-31.0,-10.0,15.0
98800,-84.0,-71.0,-78.0,-31.0,-14.0,-18.0
98840,-76.0,-44.0,-38.0,-28.0,3.0,-8.0
98880,-107.0,120.0,16.0,-35.0,-21.0,12.0
98920,-27.0,-146.0,-24.0,-25.0,-14.0,-31.0
98960,-70.0,136.0,-47.0,-17.0,-11.0,13.0
99000,-26.0,-127.0,3.0,-24.0,-31.0,-11.0
99040,-27.0,118.0,7.0,-13.0,-15.0,2.0
99080,-2.0,-174.0,-65.0,-13.0,-18.0,17.0
99120,-7.0,239.0,82.0,-19.0,-27.0,15.0
99160,49.0,-227.0,-147.0,-9.0,-8.0,-19.0
99200,38.0,137.0,118.0,-16.0,-19.0,64.0
99240,44.0,-37.0,-100.0,-13.0,-24.0,-21.0
99280,59.0,-81.0,-44.0,-10.0,-3.0,-6.0
99320,31.0,170.0,68.0,-26.0,-23.0,64.0
99360,74.0,-153.0,-141.0,-17.0,-13.0,-26.0
99400,52.0,74.0,50.0,-19.0,-1.0,14.0
99440,63.0,56.0,-40.0,-29.0,-21.0,30.0
99480,83.0,-62.0,-168.0,-13.0,-6.0,-19.0
99520,80.0,79.0,63.0,-22.0,-11.0,40.0
99560,74.0,-20.0,-117.0,-22.0,-21.0,-10.0
99600,66.0,-11.0,-83.0,-12.0,2.0,-10.0
99640,39.0,87.0,-16.0,-21.0,-2.0,18.0
99680,75.0,-30.0,-101.0,-22.0,-2.0,-11.0
99720,79.0,-5.0,-44.0,-15.0,6.0,-1.0
99760,57.0,65.0,9.0,-19.0,-20.0,20.0
99800,60.0,-44.0,-107.0,-11.0,-6.0,-26.0
99840,49.0,64.0,3.0,-18.0,22.0,0.0
99880,51.0,47.0,-3.0,-18.0,12.0,22.0
99920,75.0,-39.0,-90.0,-12.0,24.0,0.0
99960,68.0,54.0,20.0,-26.0,13.0,24.0
